1000.0
4.90
6.76
3.78
3.84
3.94
3.88
3.78
3.84
3.74
3.80
3.90
3.84
3.84
3.84
3.84
3.84
3.94
3.88
3.78
3.74
3.80
3.90
3.84
3.74
3.80
-0.80
-2.74
0.08
0.18
0.02
-0.02
0.14
0.08
0.08
0.08
0.18
0.22
0.16
0.06
0.02
0.08
0.08
0.08
0.08
0.08
-0.02
0.04
0.14
0.08
0.08
4.88
6.70
3.78
3.84
3.94
3.88
3.78
3.84
3.84
3.84
3.74
3.70
3.96
4.04
3.72
3.64
3.76
3.86
3.90
3.94
3.88
3.78
3.84
3.84
3.94
3.88
-0.92
-2.74
0.08
0.08
0.08
0.18
0.22
-0.04
0.08
0.18
-0.08
0.04
0.14
0.08
0.08
0.08
0.18
0.12
0.02
0.18
0.12
0.02
0.08
0.08
4.88
6.70
3.88
3.88
3.88
3.78
3.84
4.04
3.82
3.88
3.78
3.74
3.80
3.80
4.00
3.78
3.74
3.90
3.74
3.80
3.90
3.84
3.74
3.80
3.90
-0.86
-2.74
0.08
0.08
0.18
0.02
-0.02
0.14
0.08
0.08
0.08
-0.02
0.04
0.04
-0.06
0.10
0.14
0.18
0.12
0.12
0.12
0.02
0.18
0.22
0.06
0.02
4.78
6.66
3.84
3.74
3.80
3.90
3.84
3.74
3.80
4.00
3.88
3.78
3.84
3.84
3.94
3.98
3.82
3.78
3.84
3.74
3.80
3.90
3.94
3.98
-0.88
-2.70
0.02
-0.02
0.04
0.14
0.28
0.06
-0.08
-0.06
0.20
0.28
-0.04
-0.02
0.14
0.08
0.18
0.12
-0.08
0.14
0.28
0.06
0.02
0.08
0.18
4.82
6.60
3.94
3.88
3.78
3.94
3.98
3.82
3.78
3.84
3.84
3.84
3.84
3.74
3.80
3.90
3.84
3.84
3.84
3.74
3.70
3.86
3.80
3.80
4.00
-0.82
-2.90
0.14
0.08
-0.02
0.14
0.08
0.08
0.18
0.22
0.06
-0.08
0.04
0.14
0.08
0.08
0.08
0.08
-0.02
0.04
0.24
0.12
0.02
0.08
0.08
4.88
6.70
3.78
3.94
3.88
3.78
3.84
3.84
3.84
3.84
3.84
3.84
3.84
3.94
3.88
3.78
3.84
3.84
3.74
3.80
3.80
3.80
3.90
3.74
3.70
-0.84
-2.68
0.08
-0.02
0.04
0.14
0.08
0.08
0.08
0.08
0.08
0.18
0.02
-0.02
0.24
0.12
0.12
0.02
-0.02
0.14
0.18
0.22
-0.04
-0.12
0.10
0.24
4.82
6.50
3.90
3.94
3.78
3.94
3.88
3.68
3.80
3.90
3.94
3.88
3.78
3.94
3.88
3.78
3.84
3.84
3.84
3.84
3.84
3.74
3.80
3.90
-0.96
-2.68
0.18
-0.08
0.04
0.14
0.08
0.08
0.18
0.12
-0.08
0.04
0.04
0.04
0.14
-0.02
-0.06
0.00
0.10
0.14
0.18
0.12
0.02
0.08
0.08
4.78
6.66
3.74
3.80
4.00
3.88
3.88
3.78
3.84
3.94
3.78
3.74
3.80
3.80
3.80
3.90
3.84
3.84
3.84
3.84
3.74
3.80
3.90
3.94
3.78
-0.96
-2.58
0.12
0.02
0.08
0.08
0.18
0.12
-0.08
-0.06
0.10
0.14
0.08
0.18
0.02
-0.02
0.14
-0.02
0.04
0.14
0.08
0.08
0.08
0.18
0.12
4.62
6.62
3.90
3.84
3.84
3.94
3.78
3.74
3.90
3.84
3.84
3.94
3.88
3.78
3.84
3.94
3.98
3.92
3.82
3.78
3.74
3.80
3.90
3.84
3.84
-0.86
-2.74
-0.02
0.04
0.14
0.08
0.18
0.12
0.02
0.08
0.18
0.02
0.08
0.18
0.02
0.08
0.08
0.18
0.02
-0.02
0.14
0.18
0.12
0.12
0.02
4.78
6.76
3.88
3.98
3.82
3.78
3.84
3.84
3.84
3.94
3.88
3.88
3.88
3.78
3.84
3.94
3.88
3.78
3.84
3.94
3.78
3.74
3.90
3.94
3.88
-0.92
-2.74
0.08
0.18
0.12
0.02
-0.02
0.14
0.08
-0.12
0.10
0.14
-0.02
0.04
0.14
-0.02
0.04
0.14
0.08
0.18
0.12
0.02
0.08
0.08
0.08
4.88
6.70
3.78
3.84
3.84
3.84
3.74
3.90
3.94
3.78
3.84
3.94
3.88
3.78
3.84
3.84
3.84
3.84
3.84
3.74
3.90
3.94
3.78
3.84
3.84
-0.86
-2.74
0.08
0.18
0.02
-0.02
0.24
0.12
-0.08
0.14
0.18
-0.08
0.04
0.14
0.08
0.08
0.18
0.12
0.02
0.08
0.18
0.02
-0.12
0.10
0.14
4.88
6.70
3.88
3.98
3.82
3.78
3.84
3.94
3.88
3.78
3.84
3.84
3.84
3.84
3.84
3.84
3.74
3.80
3.80
3.90
3.84
3.74
3.90
3.94
3.88
-0.92
-2.84
-0.06
0.00
0.10
0.04
0.04
0.24
0.02
-0.12
0.10
0.14
0.08
0.08
0.08
0.08
0.08
0.08
-0.02
0.04
0.14
0.08
0.08
0.08
-0.02
0.04
4.84
6.66
3.84
3.84
3.94
3.88
3.78
3.74
3.80
3.90
3.84
3.94
3.88
3.88
3.98
3.82
3.78
3.74
3.80
3.90
3.94
3.88
3.68
3.80
-0.80
-2.64
0.12
0.02
0.08
0.08
0.08
0.08
0.08
0.18
0.22
0.06
0.02
0.08
0.18
0.12
-0.08
0.04
0.14
0.18
0.12
0.02
0.08
-0.02
0.04
4.94
6.60
3.74
3.80
3.80
3.90
3.84
3.84
3.84
3.84
3.84
3.74
3.70
3.76
3.96
3.94
3.78
3.84
3.94
3.98
3.82
3.78
3.84
3.74
3.80
-0.80
-2.74
0.08
0.18
0.12
0.02
-0.02
0.04
0.04
0.04
0.14
0.08
0.08
0.08
-0.02
0.04
0.04
0.04
0.14
-0.02
0.04
0.14
0.18
0.02
-0.02
4.74
6.62
3.90
3.84
3.94
3.88
3.88
3.78
3.74
3.90
3.94
3.98
3.82
3.88
3.88
3.88
3.88
3.68
3.80
3.90
3.74
3.80
3.90
3.84
3.84
-0.86
-2.84
-0.06
0.10
0.14
0.08
0.08
-0.02
0.04
0.14
0.08
0.08
-0.02
0.04
0.14
0.08
0.08
0.18
0.02
-0.12
0.10
0.04
0.04
0.04
-0.06
4.90
6.76
3.78
3.94
3.78
3.64
3.86
3.80
3.90
3.94
3.78
3.74
3.80
3.90
3.84
3.84
3.94
3.88
3.88
3.68
3.60
3.82
3.86
3.90
3.74
-1.00
-2.72
0.14
0.08
-0.02
0.04
0.04
0.04
0.14
0.08
0.08
0.08
0.08
0.08
0.18
0.22
0.06
-0.08
0.04
0.14
0.18
0.12
-0.08
0.04
0.14
4.78
6.66
3.74
3.80
3.90
3.94
3.88
3.78
3.94
3.98
3.82
3.78
3.84
3.84
3.84
3.84
3.84
3.84
3.84
3.94
3.88
3.78
3.84
3.74
3.70
3.86
-0.80
-2.84
0.04
0.14
0.08
-0.02
0.04
0.04
0.04
0.14
0.08
0.18
0.22
-0.04
-0.02
0.14
-0.02
0.14
0.18
0.12
0.12
-0.08
0.04
0.24
4.82
6.60
3.84
3.74
3.70
3.86
3.90
3.94
3.98
3.92
3.82
3.78
3.84
3.84
3.84
3.74
3.80
4.00
3.88
3.88
3.98
3.82
3.68
3.80
4.00
-0.82
-2.70
0.12
-0.08
-0.06
0.10
0.14
0.08
0.08
-0.02
0.04
0.14
0.08
0.08
0.08
0.08
0.08
0.18
0.12
-0.08
0.04
0.24
0.02
-0.12
0.10
4.74
6.62
3.90
3.84
3.74
3.80
3.80
3.80
3.90
3.84
3.84
3.84
3.84
3.74
3.80
3.90
3.84
3.84
3.84
3.84
3.84
3.84
3.84
3.84
3.84
3.74
-0.90
-2.68
0.08
-0.02
0.14
0.18
0.02
-0.02
0.04
0.14
0.08
0.08
-0.02
0.04
0.14
0.08
0.08
0.18
0.12
0.02
0.08
0.18
0.12
0.02
4.78
6.66
3.84
3.84
3.84
3.94
3.88
3.88
3.88
3.78
3.74
3.80
3.90
3.84
3.84
3.84
3.74
3.90
3.94
3.78
3.94
3.98
3.82
3.78
3.84
-0.86
-2.74
0.08
0.08
0.08
0.08
0.08
0.08
0.08
0.08
0.08
0.08
0.08
-0.02
0.04
0.14
0.08
0.18
0.02
-0.02
0.14
0.08
0.08
0.08
0.08
0.08
