1432
818
-204
-613
1023
1432
-204
-613
0
1023
1432
-204
-613
1023
1432
818
-204
-613
1023
1432
-204
-613
0
1023
1432
-204
-613
1023
1432
818
-204
-613
1023
1432
818
-204
-613
1023
1432
-204
-613
0
1023
1432
-204
-613
1023
1432
818
-204
-613
1023
1432
-204
-613
0
1023
1432
-204
-613
1023
1432
818
-204
-613
1023
1432
818
-204
-613
1023
1432
-204
-613
0
1023
1432
-204
-613
1023
1432
818
-204
-613
1023
1432
-204
-613
0
1023
1432
-204
-613
1023
1432
818
-204
-613
1023
1432
818
-204
-613
1023
1432
-204
-613
0
1023
1432
-204
-613
1023
1432
818
-204
-613
1023
1432
-204
-613
0
1023
1432
-204
-613
1023
1432
818
-204
-613
1023
1432
-204
-613
0
1023
1432
-204
-613
0
1023
1432
-204
-613
1023
1432
818
-204
-613
1023
1432
-204
-613
0
1023
1432
-204
-613
1023
1432
818
-204
-613
1023
1432
-204
-613
0
1023
1432
-204
-613
1023
1432