100.0
0.000000
1.350000
2.340000
2.910000
2.790000
2.130000
1.130000
0.190000
-0.290000
0.390000
2.560000
6.690000
13.030000
21.369999
31.550000
42.870000
54.530000
65.530000
74.920000
81.570000
84.880000
84.270000
79.600000
71.350000
60.110000
47.130000
33.810000
21.750000
12.449999
7.469999
7.679999
13.769999
25.769999
42.929999
64.229999
87.869999
111.849999
133.969999
152.180000
164.489999
169.760000
167.189999
156.859999
139.789999
117.429999
92.129999
66.489999
43.309999
25.189999
14.549999
12.799999
20.849999
38.509999
64.489998
96.909999
132.869999
169.169999
202.409999
229.439999
247.409999
254.639999
250.109999
234.119999
208.229999
174.749999
137.129999
99.169999
64.869999
37.929998
21.629998
17.919998
27.929998
51.249998
86.049998
129.589998
177.869998
226.489999
270.849999
306.699999
330.329999
339.519999
333.029999
311.379999
276.669999
232.069998
182.129998
131.849998
86.429998
50.669998
28.709998
23.039997
35.009997
63.989997
107.609997
162.269998
222.869998
283.809998
339.289998
383.959999
413.249999
424.399999
415.949999
388.639999
345.109998
289.389998
227.129998
164.529998
107.989998
63.409997
35.789997
28.159997
42.089997
76.729997
129.169997
194.949997
267.869998
341.129998
407.729998
461.219999
496.169998
509.279999
498.869998
465.899998
413.549998
346.709998
272.129998
197.209997
129.549997
76.149997
42.869997
33.279996
49.169996
89.469996
150.729997
227.629997
312.869997
398.449998
476.169998
538.479998
579.089998
594.159998
581.789998
543.159998
481.989998
404.029997
317.129997
229.889997
151.109997
88.889996
49.949996
38.399996
56.249996
102.209996
172.289996
260.309996
357.869997
455.769997
544.609998
615.739998
662.009998
679.039998
664.709998
620.419998
550.429997
461.349997
362.129997
262.569996
172.669996
101.629996
57.029996
43.519995
63.329995
114.949995
193.849996
292.989996
402.869996
513.089997
613.049997
692.999998
744.929998
763.919998
747.629998
697.679997
618.869997
518.669997
407.129996
295.249996
194.229996
114.369995
64.109995
48.639995
70.409995
127.689995
215.409995
325.669995
447.869996
570.409997
681.489997
770.259997
827.849997
848.799998
830.549997
774.939997
687.309997
575.989996
452.129996
327.929995
215.789995
127.109995
71.189995
53.759994
77.489994
140.429994
236.969995
358.349995
492.869996
627.729996
749.929997
847.519997
910.769997
933.679997
913.469997
852.199997
755.749997
633.309996
497.129996
360.609995
237.349995
139.849994
78.269994
58.879993
84.569994
153.169994
258.529994
391.029995
537.869995
685.049996
818.369996
924.779997
993.689997
1018.559997
996.389997
929.459997
824.189996
690.629996
542.129995
393.289995
258.909994
152.589993
85.349993
63.999993
91.649993
165.909993
280.089994
423.709994
582.869995
742.369996
886.809996
1002.039997
1076.609997
1103.439997
1079.309996
1006.719996
892.629996
747.949995
587.129995
425.969994
280.469994
165.329993
92.429993
69.119992
98.729993
178.649993
301.649993
456.389994
627.869994
799.689995
955.249996
1079.299996
1159.529996
1188.319997
1162.229996
1083.979996
961.069996
805.269995
632.129994
458.649994
302.029993
178.069992
99.509992
74.239992
105.809992
191.389992
323.209993
489.069993
672.869994
857.009995
1023.689995
1156.559996
1242.449996
1273.199997
1245.149996
1161.239996
1029.509995
862.589995
677.129994
491.329993
323.589993
190.809992
106.589992
79.359991
112.889992
204.129992
344.769992
521.749993
717.869994
914.329994
1092.129995
1233.819996
1325.369996
1358.079996
1328.069996
1238.499996
1097.949995
919.909994
722.129994
524.009993
345.149992
203.549991
113.669991
84.479991
119.969991
216.869991
366.329992
554.429992
762.869993
971.649994
1160.569995
1311.079996
1408.289995
1442.959996
1410.989995
1315.759995
1166.389995
977.229994
767.129993
556.689992
366.709992
216.289991
120.749991
89.599990
127.049990
229.609990
387.889991
587.109992
807.869993
1028.969994
1229.009994
1388.339995
1491.209995
1527.839996
1493.909995
1393.019995
1234.829994
1034.549994
812.129993
589.369992
388.269991
229.029990
127.829990
94.719989
134.129990
242.349990
409.449991
619.789991
852.869992
1086.289993
1297.449994
1465.599995
1574.129995
1612.719996
1576.829995
1470.279995
1303.269994
1091.869993
857.129992
622.049991
409.829991
241.769990
134.909990
99.839989
141.209989
255.089989
431.009990
652.469991
897.869992
1143.609993
1365.889994
1542.859995
1657.049995
1697.599995
1657.049995
1542.859995
1365.889994
1143.609993
897.869992
652.469991
431.009990
255.089989
141.209989
99.839989
134.909990
241.769990
409.829991
622.049991
857.129992
1091.869993
1303.269994
1470.279995
1576.829995
1612.719996
1574.129995
1465.599995
1297.449994
1086.289993
852.869992
619.789991
409.449991
242.349990
134.129990
94.719989
127.829990
229.029990
388.269991
589.369992
812.129993
1034.549994
1234.829994
1393.019995
1493.909995
1527.839996
1491.209995
1388.339995
1229.009994
1028.969994
807.869993
587.109992
387.889991
229.609990
127.049990
89.599990
120.749991
216.289991
366.709992
556.689992
767.129993
977.229994
1166.389995
1315.759995
1410.989995
1442.959996
1408.289995
1311.079996
1160.569995
971.649994
762.869993
554.429992
366.329992
216.869991
119.969991
84.479991
113.669991
203.549991
345.149992
524.009993
722.129994
919.909994
1097.949995
1238.499996
1328.069996
1358.079996
1325.369996
1233.819996
1092.129995
914.329994
717.869994
521.749993
344.769992
204.129992
112.889992
79.359991
106.589992
190.809992
323.589993
491.329993
677.129994
862.589995
1029.509995
1161.239996
1245.149996
1273.199997
1242.449996
1156.559996
1023.689995
857.009995
672.869994
489.069993
323.209993
191.389992
105.809992
74.239992
99.509992
178.069992
302.029993
458.649994
632.129994
805.269995
961.069996
1083.979996
1162.229996
1188.319997
1159.529996
1079.299996
955.249996
799.689995
627.869994
456.389994
301.649993
178.649993
98.729993
69.119992
92.429993
165.329993
280.469994
425.969994
587.129995
747.949995
892.629996
1006.719996
1079.309996
1103.439997
1076.609997
1002.039997
886.809996
742.369996
582.869995
423.709994
280.089994
165.909993
91.649993
63.999993
85.349993
152.589993
258.909994
393.289995
542.129995
690.629996
824.189996
929.459997
996.389997
1018.559997
993.689997
924.779997
818.369996
685.049996
537.869995
391.029995
258.529994
153.169994
84.569994
58.879993
78.269994
139.849994
237.349995
360.609995
497.129996
633.309996
755.749997
852.199997
913.469997
933.679997
910.769997
847.519997
749.929997
627.729996
492.869996
358.349995
236.969995
140.429994
77.489994
53.759994
71.189995
127.109995
215.789995
327.929995
452.129996
575.989996
687.309997
774.939997
830.549997
848.799998
827.849997
770.259997
681.489997
570.409997
447.869996
325.669995
215.409995
127.689995
70.409995
48.639995
64.109995
114.369995
194.229996
295.249996
407.129996
518.669997
618.869997
697.679997
747.629998
763.919998
744.929998
692.999998
613.049997
513.089997
402.869996
292.989996
193.849996
114.949995
63.329995
43.519995
57.029996
101.629996
172.669996
262.569996
362.129997
461.349997
550.429997
620.419998
664.709998
679.039998
662.009998
615.739998
544.609998
455.769997
357.869997
260.309996
172.289996
102.209996
56.249996
38.399996
49.949996
88.889996
151.109997
229.889997
317.129997
404.029997
481.989998
543.159998
581.789998
594.159998
579.089998
538.479998
476.169998
398.449998
312.869997
227.629997
150.729997
89.469996
49.169996
33.279996
42.869997
76.149997
129.549997
197.209997
272.129998
346.709998
413.549998
465.899998
498.869998
509.279999
496.169998
461.219999
407.729998
341.129998
267.869998
194.949997
129.169997
76.729997
42.089997
28.159997
35.789997
63.409997
107.989998
164.529998
227.129998
289.389998
345.109998
388.639999
415.949999
424.399999
413.249999
383.959999
339.289998
283.809998
222.869998
162.269998
107.609997
63.989997
35.009997
23.039997
28.709998
50.669998
86.429998
131.849998
182.129998
232.069998
276.669999
311.379999
333.029999
339.519999
330.329999
306.699999
270.849999
226.489999
177.869998
129.589998
86.049998
51.249998
27.929998
17.919998
21.629998
37.929998
64.869999
99.169999
137.129999
174.749999
208.229999
234.119999
250.109999
254.639999
247.409999
229.439999
202.409999
169.169999
132.869999
96.909999
64.489998
38.509999
20.849999
12.799999
14.549999
25.189999
43.309999
66.489999
92.129999
117.429999
139.789999
156.859999
167.189999
169.760000
164.489999
152.180000
133.969999
111.849999
87.869999
64.229999
42.929999
25.769999
13.769999
7.679999
7.469999
12.449999
21.750000
33.810000
47.130000
60.110000
71.350000
79.600000
84.270000
84.880000
81.570000
74.920000
65.530000
54.530000
42.870000
31.550000
21.369999
13.030000
6.690000
2.560000
0.390000
-0.290000
0.190000
1.130000
2.130000
2.790000
2.910000
2.340000
1.350000
