80.0
0.000000
0.000000
-0.012500
-0.050000
-0.125000
-0.200000
-0.287500
-0.400000
-0.550000
-0.700000
-0.881250
-1.125000
-1.462500
-1.799999
-2.168750
-2.600000
-3.125000
-3.650000
-4.212500
-4.850000
-5.600000
-6.350000
-7.137500
-7.999999
-8.975000
-9.949999
-10.956250
-12.024999
-13.187499
-14.349999
-15.543750
-16.799999
-18.149999
-19.499999
-20.862499
-22.249999
-23.674999
-25.099999
-26.537499
-27.999999
-29.499999
-30.999999
-32.487499
-33.949999
-35.374999
-36.799999
-38.212499
-39.599999
-40.949999
-42.299999
-43.618749
-44.874999
-46.037499
-47.199999
-48.331249
-49.399999
-50.374999
-51.349999
-52.287499
-53.149999
-53.899999
-54.649998
-55.362498
-55.999998
-56.524998
-57.049998
-57.543748
-57.974998
-58.312498
-58.649998
-58.956248
-59.199998
-59.349998
-59.499998
-59.637498
-59.749998
-59.824998
-59.899998
-59.962498
-59.999998
-59.999998
-59.999998
-59.987498
-59.949998
-59.874998
-59.799998
-59.712498
-59.599998
-59.449998
-59.299998
-59.118748
-58.874998
-58.537499
-58.199999
-57.831248
-57.399999
-56.874998
-56.349998
-55.787498
-55.149999
-54.399998
-53.649998
-52.862498
-51.999999
-51.024999
-50.049998
-49.043748
-47.974999
-46.812499
-45.649999
-44.456249
-43.199999
-41.849999
-40.499999
-39.137499
-37.749999
-36.324999
-34.899999
-33.462499
-31.999999
-30.499999
-28.999999
-27.512499
-26.049999
-24.624999
-23.199999
-21.787499
-20.399999
-19.049999
-17.699999
-16.381249
-15.124999
-13.962499
-12.799999
-11.668749
-10.600000
-9.624999
-8.649999
-7.712499
-6.850000
-6.100000
-5.350000
-4.637500
-4.000000
-3.475000
-2.950000
-2.456250
-2.025000
-1.687500
-1.350000
-1.043750
-0.800000
-0.650000
-0.500000
-0.362500
-0.250000
-0.175000
-0.100000
-0.037500
0.000000
