10.0
0.000000
0.000000
0.040000
0.280000
1.010000
2.540000
5.010000
8.200000
11.480000
13.979999
14.919999
13.979999
11.560000
8.760000
7.030000
7.620000
11.030000
16.679999
22.999999
27.959999
29.839999
27.959999
23.079999
17.239999
13.049999
12.699999
17.049999
25.159999
34.519999
41.939998
44.759998
41.939998
34.599999
25.719999
19.069999
17.779999
23.069999
33.639999
46.039998
55.919998
59.679998
55.919998
46.119998
34.199999
25.089999
22.859999
29.089999
42.119998
57.559998
69.899997
74.599997
69.899997
57.639998
42.679998
31.109999
27.939999
35.109999
50.599998
69.079997
83.879996
89.519996
83.879996
69.159997
51.159998
37.129998
33.019999
41.129998
59.079998
80.599997
97.859996
104.439996
97.859996
80.679997
59.639998
43.149998
38.099998
47.149998
67.559997
92.119996
111.839995
119.359995
111.839995
92.119996
67.559997
47.149998
38.099998
43.149998
59.639998
80.679997
97.859996
104.439996
97.859996
80.599997
59.079998
41.129998
33.019999
37.129998
51.159998
69.159997
83.879996
89.519996
83.879996
69.079997
50.599998
35.109999
27.939999
31.109999
42.679998
57.639998
69.899997
74.599997
69.899997
57.559998
42.119998
29.089999
22.859999
25.089999
34.199999
46.119998
55.919998
59.679998
55.919998
46.039998
33.639999
23.069999
17.779999
19.069999
25.719999
34.599999
41.939998
44.759998
41.939998
34.519999
25.159999
17.049999
12.699999
13.049999
17.239999
23.079999
27.959999
29.839999
27.959999
22.999999
16.679999
11.030000
7.620000
7.030000
8.760000
11.560000
13.979999
14.919999
13.979999
11.480000
8.200000
5.010000
2.540000
1.010000
0.280000
0.040000
0.000000
