100.0
1.5
2.1
2.7
3.1
3.4
3.5
3.4
3.1
2.7
2.1
1.5
0.9
0.3
-0.1
-0.4
-0.5
-0.4
-0.1
0.3
0.9
1.5
2.1
2.7
3.1
3.4
3.5
3.4
3.1
2.7
2.1
1.5
0.9
0.3
-0.1
-0.4
-0.5
-0.4
-0.1
0.3
0.9
1.5
2.1
2.7
3.1
3.4
3.5
3.4
3.1
2.7
2.1
1.5
0.9
0.3
-0.1
-0.4
-0.5
-0.4
-0.1
0.3
0.9
1.5
2.1
2.7
3.1
3.4
3.5
3.4
3.1
2.7
2.1
1.5
0.9
0.3
-0.1
-0.4
-0.5
-0.4
-0.1
0.3
0.9
1.5
2.1
2.7
3.1
3.4
3.5
3.4
3.1
2.7
2.1
1.5
0.9
0.3
-0.1
-0.4
-0.5
-0.4
-0.1
0.3
0.9
1.5
2.1
2.7
3.1
3.4
3.5
3.4
3.1
2.7
2.1
1.5
0.9
0.3
-0.1
-0.4
-0.5
-0.4
-0.1
0.3
0.9
1.5
2.1
2.7
3.1
3.4
3.5
3.4
3.1
2.7
2.1
1.5
0.9
0.3
-0.1
-0.4
-0.5
-0.4
-0.1
0.3
0.9
1.5
2.1
2.7
3.1
3.4
3.5
3.4
3.1
2.7
2.1
1.5
0.9
0.3
-0.1
-0.4
-0.5
-0.4
-0.1
0.3
0.9
1.5
2.1
2.7
3.1
3.4
3.5
3.4
3.1
2.7
2.1
1.5
0.9
0.3
-0.1
-0.4
-0.5
-0.4
-0.1
0.3
0.9
1.5
2.1
2.7
3.1
3.4
3.5
3.4
3.1
2.7
2.1
1.5
0.9
0.3
-0.1
-0.4
-0.5
-0.4
-0.1
0.3
0.9
1.5
2.1
2.7
3.1
3.4
3.5
3.4
3.1
2.7
2.1
1.5
0.9
0.3
-0.1
-0.4
-0.5
-0.4
-0.1
0.3
0.9
1.5
2.1
2.7
3.1
3.4
3.5
3.4
3.1
2.7
2.1
1.5
0.9
0.3
-0.1
-0.4
-0.5
-0.4
-0.1
0.3
0.9
1.5
2.1
2.7
3.1
3.4
3.5
3.4
3.1
2.7
2.1
1.5
0.9
0.3
-0.1
-0.4
-0.5
-0.4
-0.1
0.3
0.9
1.5
2.1
2.7
3.1
3.4
3.5
3.4
3.1
2.7
2.1
1.5
0.9
0.3
-0.1
-0.4
-0.5
-0.4
-0.1
0.3
0.9
1.5
2.1
2.7
3.1
3.4
3.5
3.4
3.1
2.7
2.1
1.5
0.9
0.3
-0.1
-0.4
-0.5
-0.4
-0.1
0.3
0.9
1.5
2.1
2.7
3.1
3.4
3.5
3.4
3.1
2.7
2.1
1.5
0.9
0.3
-0.1
-0.4
-0.5
-0.4
-0.1
0.3
0.9
1.5
2.1
2.7
3.1
3.4
3.5
3.4
3.1
2.7
2.1
1.5
0.9
0.3
-0.1
-0.4
-0.5
-0.4
-0.1
0.3
0.9
1.5
2.1
2.7
3.1
3.4
3.5
3.4
3.1
2.7
2.1
1.5
0.9
0.3
-0.1
-0.4
-0.5
-0.4
-0.1
0.3
0.9
1.5
2.1
2.7
3.1
3.4
3.5
3.4
3.1
2.7
2.1
1.5
0.9
0.3
-0.1
-0.4
-0.5
-0.4
-0.1
0.3
0.9
1.5
2.1
2.7
3.1
3.4
3.5
3.4
3.1
2.7
2.1
1.5
0.9
0.3
-0.1
-0.4
-0.5
-0.4
-0.1
0.3
0.9
1.5
