100.0
0.0
0.6
1.2
1.6
1.9
2.0
1.9
1.6
1.2
0.6
0.0
-0.6
-1.2
-1.6
-1.9
-2.0
-1.9
-1.6
-1.2
-0.6
0.0
0.6
1.2
1.6
1.9
2.0
1.9
1.6
1.2
0.6
0.0
-0.6
-1.2
-1.6
-1.9
-2.0
-1.9
-1.6
-1.2
-0.6
0.0
0.6
1.2
1.6
1.9
2.0
1.9
1.6
1.2
0.6
0.0
-0.6
-1.2
-1.6
-1.9
-2.0
-1.9
-1.6
-1.2
-0.6
0.0
0.6
1.2
1.6
1.9
2.0
1.9
1.6
1.2
0.6
0.0
-0.6
-1.2
-1.6
-1.9
-2.0
-1.9
-1.6
-1.2
-0.6
0.0
0.6
1.2
1.6
1.9
2.0
1.9
1.6
1.2
0.6
0.0
-0.6
-1.2
-1.6
-1.9
-2.0
-1.9
-1.6
-1.2
-0.6
0.0
0.6
1.2
1.6
1.9
2.0
1.9
1.6
1.2
0.6
0.0
-0.6
-1.2
-1.6
-1.9
-2.0
-1.9
-1.6
-1.2
-0.6
0.0
0.6
1.2
1.6
1.9
2.0
1.9
1.6
1.2
0.6
0.0
-0.6
-1.2
-1.6
-1.9
-2.0
-1.9
-1.6
-1.2
-0.6
0.0
0.6
1.2
1.6
1.9
2.0
1.9
1.6
1.2
0.6
0.0
-0.6
-1.2
-1.6
-1.9
-2.0
-1.9
-1.6
-1.2
-0.6
0.0
0.6
1.2
1.6
1.9
2.0
1.9
1.6
1.2
0.6
0.0
-0.6
-1.2
-1.6
-1.9
-2.0
-1.9
-1.6
-1.2
-0.6
0.0
0.6
1.2
1.6
1.9
2.0
1.9
1.6
1.2
0.6
0.0
-0.6
-1.2
-1.6
-1.9
-2.0
-1.9
-1.6
-1.2
-0.6
0.0
0.6
1.2
1.6
1.9
2.0
1.9
1.6
1.2
0.6
0.0
-0.6
-1.2
-1.6
-1.9
-2.0
-1.9
-1.6
-1.2
-0.6
0.0
0.6
1.2
1.6
1.9
2.0
1.9
1.6
1.2
0.6
0.0
-0.6
-1.2
-1.6
-1.9
-2.0
-1.9
-1.6
-1.2
-0.6
0.0
0.6
1.2
1.6
1.9
2.0
1.9
1.6
1.2
0.6
0.0
-0.6
-1.2
-1.6
-1.9
-2.0
-1.9
-1.6
-1.2
-0.6
0.0
0.6
1.2
1.6
1.9
2.0
1.9
1.6
1.2
0.6
0.0
-0.6
-1.2
-1.6
-1.9
-2.0
-1.9
-1.6
-1.2
-0.6
0.0
0.6
1.2
1.6
1.9
2.0
1.9
1.6
1.2
0.6
0.0
-0.6
-1.2
-1.6
-1.9
-2.0
-1.9
-1.6
-1.2
-0.6
0.0
0.6
1.2
1.6
1.9
2.0
1.9
1.6
1.2
0.6
0.0
-0.6
-1.2
-1.6
-1.9
-2.0
-1.9
-1.6
-1.2
-0.6
0.0
0.6
1.2
1.6
1.9
2.0
1.9
1.6
1.2
0.6
0.0
-0.6
-1.2
-1.6
-1.9
-2.0
-1.9
-1.6
-1.2
-0.6
0.0
0.6
1.2
1.6
1.9
2.0
1.9
1.6
1.2
0.6
0.0
-0.6
-1.2
-1.6
-1.9
-2.0
-1.9
-1.6
-1.2
-0.6
0.0
0.6
1.2
1.6
1.9
2.0
1.9
1.6
1.2
0.6
0.0
-0.6
-1.2
-1.6
-1.9
-2.0
-1.9
-1.6
-1.2
-0.6
0.0
0.6
1.2
1.6
1.9
2.0
1.9
1.6
1.2
0.6
0.0
-0.6
-1.2
-1.6
-1.9
-2.0
-1.9
-1.6
-1.2
-0.6
0.0
