200.0
0.000000
1.199993
2.219992
3.029984
3.479984
3.789977
3.939976
3.959970
3.824969
3.499966
3.124964
2.794963
2.504961
2.349963
2.214962
2.309965
2.644964
3.329970
4.379969
5.694976
7.439976
9.634983
12.299983
15.449991
18.984993
22.969994
27.414995
32.039994
36.914996
42.124997
47.575001
53.200005
59.035010
65.020018
71.290023
77.640033
84.060038
90.440050
96.760056
103.100068
109.260074
115.190086
120.840091
126.150104
131.170108
135.790117
139.950121
143.640128
146.805131
149.610135
151.865137
153.645141
155.165142
156.440147
157.285149
157.860154
158.145155
158.220163
158.070163
157.595171
156.990170
156.305178
155.590177
154.910184
154.235185
153.710189
153.425189
153.420192
153.795192
154.435194
155.575194
157.190193
159.355194
162.040191
165.180192
168.900193
173.210195
177.780204
182.670207
188.030216
193.710219
199.690229
205.950233
212.460244
219.270248
226.240257
233.280260
240.350268
247.345272
254.360277
261.125280
267.635282
273.785286
279.560285
284.975287
289.860285
294.155286
297.900280
301.050281
303.705274
305.730274
307.155281
308.250281
309.000287
309.305286
309.260289
308.925287
308.310289
307.485286
306.335284
305.125281
303.860276
302.645273
301.500265
300.430260
299.640252
299.220248
299.160237
299.550233
300.340222
301.710219
303.680209
306.270206
309.480196
313.160194
317.500193
322.430192
327.690194
333.255194
339.290195
345.575194
352.135193
358.895192
365.870189
373.075189
380.310184
387.485185
394.610177
401.590178
408.455171
414.990170
421.145163
426.870163
432.120155
436.995155
441.260149
444.935148
447.990143
450.465142
452.445139
453.865137
454.710133
455.305132
455.590125
455.500121
455.190113
454.720108
454.050096
453.240091
452.240079
451.260074
450.350061
449.560055
448.940042
448.410037
448.240027
448.440022
449.070014
450.135009
451.600004
453.575001
456.124998
459.214995
462.889996
466.964994
471.569993
476.634992
481.949984
487.499983
493.384975
499.439975
505.644968
511.979968
518.429962
525.094963
531.709959
538.264961
544.699959
551.004961
557.194962
563.124963
568.699966
573.924968
578.709974
583.189976
587.189982
590.729983
593.729991
596.219992
598.350000
600.000000
601.200000
602.220000
603.030000
603.480000
603.790000
603.940000
603.960000
603.825000
603.500000
603.125000
602.795000
602.505000
602.350001
602.215002
602.310002
602.645002
603.330002
604.380002
605.695002
607.440003
609.635002
612.300003
615.450003
618.985003
622.970003
627.415003
632.040004
636.915004
642.125004
647.575004
653.200004
659.035005
665.020005
671.290005
677.640005
684.060006
690.440009
696.760010
703.100010
709.260010
715.190010
720.840010
726.150010
731.170011
735.790011
739.950011
743.640011
746.805011
749.610012
751.865011
753.645012
755.165012
756.440012
757.285012
757.860012
758.145012
758.220013
758.070013
757.595013
756.990013
756.305013
755.590013
754.910016
754.235016
753.710016
753.425016
753.420016
753.795017
754.435017
755.575017
757.190017
759.355017
762.040017
765.180017
768.900018
773.210018
777.780018
782.670018
788.030018
793.710019
799.690019
805.950019
812.460019
819.270020
826.240020
833.280020
840.350022
847.345023
854.360023
861.125022
867.635023
873.785023
879.560023
884.975023
889.860023
894.155023
897.900024
901.050024
903.705024
905.730023
907.155024
908.250024
909.000024
909.305024
909.260023
908.925024
908.310024
907.485024
906.335024
905.125023
903.860024
902.645024
901.500021
900.430021
899.640021
899.220020
899.160020
899.550020
900.340020
901.710020
903.680020
906.270020
909.480019
913.160019
917.500020
922.430019
927.690019
933.255019
939.290019
945.575019
952.135019
958.895019
965.870019
973.075019
980.310019
987.485019
994.610015
1001.590015
1008.455015
1014.990015
1021.145015
1026.870015
1032.120015
1036.995015
1041.260015
1044.935015
1047.990015
1050.465015
1052.445014
1053.865014
1054.710014
1055.305014
1055.590014
1055.500014
1055.190013
1054.720014
1054.050013
1053.240013
1052.240013
1051.260013
1050.350013
1049.560012
1048.940008
1048.410008
1048.240008
1048.440008
1049.070008
1050.135008
1051.600008
1053.575008
1056.125007
1059.215007
1062.890007
1066.965007
1071.570007
1076.635007
1081.950007
1087.500007
1093.385007
1099.440007
1105.645006
1111.980006
1118.430006
1125.095006
1131.710006
1138.265006
1144.700004
1151.005004
1157.195004
1163.125004
1168.700004
1173.925005
1178.710005
1183.190005
1187.190005
1190.730005
1193.730005
1196.220005
1198.350005
1200.000005
1201.200005
1202.220005
1203.030005
1203.480005
1203.790005
1203.940005
1203.960004
1203.825004
1203.500004
1203.125004
1202.795004
1202.505004
1202.350004
1202.215003
1202.310003
1202.645003
1203.330003
1204.380003
1205.695005
1207.440005
1209.635005
1212.300005
1215.450005
1218.985005
1222.970005
1227.415005
1232.040005
1236.915006
1242.125006
1247.575006
1253.200006
1259.035006
1265.020007
1271.290007
1277.640007
1284.060008
1290.440008
1296.760008
1303.100008
1309.260009
1315.190009
1320.840009
1326.150011
1331.170012
1335.790012
1339.950012
1343.640012
1346.805012
1349.610013
1351.865013
1353.645013
1355.165013
1356.440013
1357.285013
1357.860013
1358.145013
1358.220015
1358.070015
1357.595015
1356.990015
1356.305015
1355.590015
1354.910015
1354.235015
1353.710015
1353.425015
1353.420015
1353.795015
1354.435016
1355.575016
1357.190016
1359.355016
1362.040016
1365.180016
1368.900016
1373.210016
1377.780016
1382.670016
1388.030016
1393.710016
1399.690018
1405.950018
1412.460019
1419.270019
1426.240019
1433.280019
1440.350019
1447.345019
1454.360020
1461.125020
1467.635020
1473.785020
1479.560019
1484.975020
1489.860020
1494.155020
1497.900020
1501.050020
1503.705020
1505.730020
1507.155020
1508.250020
1509.000019
1509.305019
1509.260019
1508.925019
1508.310018
1507.485018
1506.335018
1505.125018
1503.860017
1502.645017
1501.500017
1500.430016
1499.640016
1499.220016
1499.160016
1499.550016
1500.340016
1501.710016
1503.680016
1506.270016
1509.480016
1513.160016
1517.500016
1522.430017
1527.690017
1533.255017
1539.290017
1545.575017
1552.135017
1558.895018
1565.870018
1573.075018
1580.310019
1587.485020
1594.610020
1601.590021
1608.455021
1614.990022
1621.145023
1626.870023
1632.120024
1636.995024
1641.260025
1644.935025
1647.990026
1650.465026
1652.445026
1653.865026
1654.710026
1655.305027
1655.590027
1655.500027
1655.190026
1654.720026
1654.050026
1653.240026
1652.240026
1651.260025
1650.350024
1649.560024
1648.940024
1648.410023
1648.240022
1648.440022
1649.070022
1650.135022
1651.600022
1653.575021
1656.125021
1659.215021
1662.890020
1666.965020
1671.570020
1676.635020
1681.950019
1687.500019
1693.385019
1699.440019
1705.645019
1711.980019
1718.430020
1725.095020
1731.710020
1738.265020
1744.700021
1751.005021
1757.195021
1763.125022
1768.700022
1773.925023
1778.710023
1783.190023
1787.190024
1790.730024
1793.730025
1796.220025
1798.350025
1800.000025
1798.800032
1797.780034
1796.970042
1796.520042
1796.210048
1796.060050
1796.040055
1796.175057
1796.500059
1796.875061
1797.205061
1797.495063
1797.650061
1797.785062
1797.690058
1797.355059
1796.670053
1795.620053
1794.305046
1792.560045
1790.365038
1787.700038
1784.550029
1781.015028
1777.030027
1772.585025
1767.960026
1763.085024
1757.875023
1752.425019
1746.800014
1740.965010
1734.980002
1728.709998
1722.359988
1715.939983
1709.559971
1703.239965
1696.899953
1690.739948
1684.809937
1679.159931
1673.849920
1668.829916
1664.209907
1660.049904
1656.359897
1653.194893
1650.389890
1648.134888
1646.354885
1644.834884
1643.559879
1642.714877
1642.139872
1641.854871
1641.779863
1641.929862
1642.404854
1643.009855
1643.694847
1644.409847
1645.089840
1645.764839
1646.289835
1646.574834
1646.579831
1646.204830
1645.564828
1644.424828
1642.809828
1640.644827
1637.959830
1634.819828
1631.099827
1626.789825
1622.219816
1617.329813
1611.969804
1606.289801
1600.309791
1594.049787
1587.539776
1580.729772
1573.759764
1566.719761
1559.649753
1552.654749
1545.639745
1538.874742
1532.364740
1526.214737
1520.439738
1515.024737
1510.139740
1505.844738
1502.099745
1498.949743
1496.294751
1494.269751
1492.844744
1491.749744
1490.999738
1490.694740
1490.739736
1491.074739
1491.689737
1492.514739
1493.664741
1494.874744
1496.139749
1497.354752
1498.499759
1499.569763
1500.359771
1500.779775
1500.839786
1500.449789
1499.659800
1498.289802
1496.319813
1493.729815
1490.519824
1486.839826
1482.499827
1477.569828
1472.309826
1466.744826
1460.709825
1454.424826
1447.864827
1441.104828
1434.129832
1426.924831
1419.689836
1412.514836
1405.389844
1398.409844
1391.544851
1385.009852
1378.854859
1373.129860
1367.879868
1363.004869
1358.739875
1355.064876
1352.009882
1349.534883
1347.554886
1346.134888
1345.289892
1344.694894
1344.409901
1344.499905
1344.809913
1345.279918
1345.949929
1346.759934
1347.759947
1348.739951
1349.649964
1350.439969
1351.059981
1351.589987
1351.759996
1351.560001
1350.930009
1349.865013
1348.400018
1346.425021
1343.875023
1340.785025
1337.110024
1333.035027
1328.430027
1323.365028
1318.050036
1312.500037
1306.615044
1300.560045
1294.355052
1288.020052
1281.570058
1274.905057
1268.290061
1261.735060
1255.300063
1248.995061
1242.805060
1236.875059
1231.300056
1226.075055
1221.290050
1216.810048
1212.810042
1209.270041
1206.270033
1203.780033
1201.650025
1200.000025
1198.800025
1197.780026
1196.970026
1196.520026
1196.210026
1196.060026
1196.040026
1196.175026
1196.500026
1196.875025
1197.205025
1197.495025
1197.650023
1197.785022
1197.690022
1197.355021
1196.670021
1195.620020
1194.305019
1192.560019
1190.365019
1187.700018
1184.550018
1181.015018
1177.030017
1172.585017
1167.960016
1163.085016
1157.875016
1152.425015
1146.800015
1140.965015
1134.980015
1128.710015
1122.360015
1115.940015
1109.560012
1103.240012
1096.900012
1090.740013
1084.810013
1079.160013
1073.850013
1068.830013
1064.210014
1060.050013
1056.360014
1053.195013
1050.390013
1048.135014
1046.355013
1044.835014
1043.560013
1042.715013
1042.140014
1041.855013
1041.780013
1041.930013
1042.405012
1043.010012
1043.695012
1044.410011
1045.090008
1045.765008
1046.290007
1046.575007
1046.580006
1046.205005
1045.565005
1044.425004
1042.810004
1040.645004
1037.960003
1034.820003
1031.100002
1026.790002
1022.220002
1017.330001
1011.970001
1006.290001
1000.310001
994.050001
987.540001
980.730000
973.760000
966.720001
959.649999
952.654999
945.639999
938.875000
932.365000
926.215000
920.440000
915.025000
910.140001
905.845001
902.100001
898.950001
896.295001
894.270002
892.845001
891.750002
891.000002
890.695002
890.740003
891.075002
891.690002
892.515002
893.665002
894.875002
896.140001
897.355001
898.500003
899.570003
900.360002
900.780002
900.840002
900.450002
899.660002
898.290001
896.320001
893.730001
890.520001
886.840001
882.500000
877.570001
872.310001
866.745001
860.710001
854.425000
847.865001
841.105001
834.130001
826.925001
819.690001
812.515002
805.390006
798.410006
791.545006
785.010007
778.855008
773.130008
767.880008
763.005009
758.740010
755.065010
752.010010
749.535010
747.555010
746.135011
745.290011
744.695011
744.410012
744.500012
744.810012
745.280012
745.950012
746.760012
747.760012
748.740012
749.650012
750.440012
751.060016
751.590016
751.760015
751.560015
750.930015
749.865014
748.400014
746.425014
743.875014
740.785014
737.110014
733.035014
728.430013
723.365013
718.050013
712.500013
706.615013
700.560013
694.355013
688.020014
681.570014
674.905014
668.290014
661.735015
655.300017
648.995017
642.805017
636.875018
631.300018
626.075018
621.290019
616.810019
612.810019
609.270019
606.270020
603.780020
601.650020
600.000020
598.800020
597.780020
596.970021
596.520020
596.210021
596.060021
596.040021
596.175021
596.500021
596.875021
597.205021
597.495021
597.650020
597.785020
597.690020
597.355020
596.670019
595.620019
594.305017
592.560016
590.365016
587.700016
584.550016
581.015016
577.030015
572.585015
567.960014
563.085014
557.875014
552.425014
546.800013
540.965014
534.980013
528.710013
522.360013
515.940013
509.560013
503.240013
496.900013
490.740014
484.810014
479.160014
473.850012
468.830012
464.210012
460.050013
456.360013
453.195012
450.390012
448.135012
446.355013
444.835013
443.560013
442.715012
442.140013
441.855013
441.780011
441.930010
442.405010
443.010010
443.695010
444.410009
445.090009
445.765009
446.290008
446.575008
446.580007
446.205007
445.565006
444.425006
442.810005
440.645005
437.960005
434.820005
431.100004
426.790004
422.220004
417.330003
411.970004
406.290003
400.310001
394.050002
387.540001
380.730001
373.760002
366.720002
359.650002
352.655002
345.640002
338.875003
332.365003
326.215003
320.440004
315.025004
310.140004
305.845004
302.100005
298.950005
296.295005
294.270005
292.845005
291.750005
291.000006
290.695007
290.740007
291.075007
291.690007
292.515007
293.665007
294.875007
296.140007
297.355007
298.500007
299.570007
300.360007
300.780007
300.840006
300.450006
299.660006
298.290006
296.320005
293.730005
290.520005
286.840004
282.500004
277.570004
272.310003
266.745003
260.710003
254.425003
247.865003
241.105002
234.130002
226.925002
219.690001
212.515001
205.390001
198.410001
191.545001
185.010001
178.855000
173.130000
167.880000
163.004999
158.739999
155.065000
152.009999
149.534999
147.554999
146.134999
145.289999
144.694999
144.409999
144.499999
144.810000
145.280000
145.949999
146.760000
147.760000
148.740000
149.650000
150.440000
151.060000
151.590000
151.760001
151.560001
150.930001
149.865000
148.400000
146.425000
143.875000
140.785000
137.110001
133.035001
128.430001
123.365001
118.050001
112.500001
106.615001
100.560001
94.355001
88.020001
81.570000
74.905000
68.290000
61.735000
55.300001
48.995000
42.805000
36.875000
31.300000
26.075000
21.290000
16.810000
12.810000
9.270000
6.270000
3.780000
1.650000
