1000.000000
0.000000
0.000000
0.000000
0.327148
1.806641
3.256836
4.335938
4.838867
4.936523
4.697266
3.754883
2.314453
0.727539
0.000000
0.000000
0.000000
0.000000
0.000000
0.000000
0.000000
0.000000
0.000000
0.000000
0.366211
1.850586
3.291016
4.350586
4.838867
4.931641
4.687500
3.715820
2.275391
0.688477
0.000000
0.000000
0.000000
0.000000
0.000000
0.000000
0.000000
0.000000
0.000000
0.000000
0.395508
1.899414
3.334961
4.370117
4.848633
4.936523
4.663086
3.686523
2.226562
0.654297
0.000000
0.000000
0.000000
0.000000
0.000000
0.000000
0.000000
0.000000
0.000000
0.000000
0.444336
1.938477
3.374023
4.389648
4.848633
4.941406
4.653320
3.652344
2.182617
0.610352
0.000000
0.000000
0.000000
0.000000
0.000000
0.000000
0.000000
0.000000
0.000000
0.000000
0.498047
1.977539
3.417969
4.414062
4.848633
4.936523
4.638672
3.618164
2.133789
0.566406
0.000000
0.000000
0.000000
0.000000
0.000000
0.000000
0.000000
0.000000
0.000000
0.000000
0.546875
2.011719
3.457031
4.438477
4.853516
4.941406
4.619141
3.579102
2.084961
0.532227
0.000000
0.000000
0.000000
0.000000
0.000000
0.000000
0.000000
0.000000
0.000000
0.000000
0.585938
2.060547
3.491211
4.458008
4.858398
4.936523
4.604492
3.540039
2.041016
0.488281
0.000000
0.000000
0.000000
0.000000
0.000000
0.000000
0.000000
0.000000
0.000000
0.000000
0.620117
2.094727
3.535156
4.477539
4.863281
4.936523
4.580078
3.500977
1.997070
0.454102
0.000000
0.000000
0.000000
0.000000
0.000000
0.000000
0.000000
0.000000
0.000000
0.000000
0.654297
2.138672
3.559570
4.492188
4.863281
4.941406
4.555664
3.461914
1.948242
0.415039
0.000000
0.000000
0.000000
0.000000
0.000000
0.000000
0.000000
0.000000
0.000000
0.000000
0.688477
2.177734
3.603516
4.516602
4.873047
4.941406
4.536133
3.427734
1.899414
0.371094
0.000000
0.000000
0.000000
0.000000
0.000000
0.000000
0.000000
0.000000
0.000000
0.000000
0.727539
2.211914
3.637695
4.531250
4.868164
4.941406
4.516602
3.393555
1.865234
0.327148
0.000000
0.000000
0.000000
0.000000
0.000000
0.000000
0.000000
0.000000
0.000000
0.000000
0.766602
2.250977
3.676758
4.550781
4.868164
4.946289
4.497070
3.354492
1.821289
0.292969
0.000000
0.000000
0.000000
0.000000
0.000000
0.000000
0.000000
0.000000
0.000000
0.000000
0.805664
2.280273
3.710938
4.570312
4.873047
4.946289
4.482422
3.315430
1.787109
0.249023
0.000000
0.000000
0.000000
0.000000
0.000000
0.000000
0.000000
0.000000
0.000000
0.000000
0.839844
2.319336
3.740234
4.584961
4.877930
4.946289
4.458008
3.281250
1.738281
0.219727
0.000000
0.000000
0.000000
0.000000
0.000000
0.000000
0.000000
0.000000
0.000000
0.000000
0.883789
2.358398
3.769531
4.604492
4.882812
4.951172
4.443359
3.251953
1.694336
0.180664
0.000000
0.000000
0.000000
0.000000
0.000000
0.000000
0.000000
0.000000
0.000000
0.000000
0.932617
2.397461
3.793945
4.624023
4.877930
4.946289
4.423828
3.212891
1.655273
0.146484
0.000000
0.000000
0.000000
0.000000
0.000000
0.000000
0.000000
0.000000
0.000000
0.000000
0.971680
2.431641
3.818359
4.638672
4.877930
4.941406
4.394531
3.173828
1.611328
0.107422
0.000000
0.000000
0.000000
0.000000
0.000000
0.000000
0.000000
0.000000
0.000000
0.000000
1.005859
2.475586
3.852539
4.653320
4.882812
4.941406
4.370117
3.139648
1.572266
0.078125
0.000000
0.000000
0.000000
0.000000
0.000000
0.000000
0.000000
0.000000
0.000000
0.000000
1.044922
2.509766
3.876953
4.663086
4.887695
4.931641
4.345703
3.105469
1.533203
0.048828
0.000000
0.000000
0.000000
0.000000
0.000000
0.000000
0.000000
0.000000
0.000000
0.000000
1.093750
2.553711
3.911133
4.677734
4.892578
4.926758
4.321289
3.056641
1.494141
0.014648
0.000000
0.000000
0.000000
0.000000
0.000000
0.000000
0.000000
0.000000
0.000000
0.000000
1.127930
2.597656
3.940430
4.687500
4.892578
4.907227
4.287109
3.017578
1.450195
0.000000
0.000000
0.000000
0.000000
0.000000
0.000000
0.000000
0.000000
0.000000
0.000000
0.000000
1.166992
2.636719
3.974609
4.707031
4.892578
4.897461
4.257812
2.978516
1.411133
0.000000
0.000000
0.000000
0.000000
0.000000
0.000000
0.000000
0.000000
0.000000
0.000000
0.000000
1.201172
2.680664
4.008789
4.711914
4.897461
4.877930
4.228516
2.934570
1.362305
0.000000
0.000000
0.000000
0.000000
0.000000
0.000000
0.000000
0.000000
0.000000
0.000000
0.000000
1.245117
2.719727
4.042969
4.726562
4.897461
4.843750
4.199219
2.890625
1.323242
0.000000
0.000000
0.000000
0.000000
0.000000
0.000000
0.000000
0.000000
0.000000
0.000000
0.000000
1.289062
2.758789
4.072266
4.746094
4.897461
4.824219
4.169922
2.846680
1.279297
0.000000
0.000000
0.000000
0.000000
0.000000
0.000000
0.000000
0.000000
