1000.0
0.00
0.02
0.04
0.05
0.07
0.09
0.11
0.13
0.15
0.16
0.18
0.20
0.23
0.25
0.27
0.29
0.32
0.34
0.37
0.39
0.42
0.45
0.48
0.52
0.55
0.59
0.63
0.67
0.72
0.77
0.83
0.89
0.96
1.03
1.11
1.20
1.31
1.42
1.56
1.71
1.90
2.12
2.39
2.72
3.14
3.70
4.48
5.63
7.48
11.03
20.50
124.57
31.54
14.19
9.24
6.89
5.52
4.62
3.99
3.52
3.15
2.86
2.62
2.43
2.26
2.12
2.00
1.89
1.80
1.71
1.64
1.57
1.51
1.46
1.41
1.36
1.32
1.28
1.24
1.21
1.18
1.15
1.12
1.09
1.07
1.05
1.02
1.00
0.98
0.96
0.95
0.93
0.91
0.89
0.87
0.85
0.83
0.80
0.77
0.73
0.65
0.49
0.47
1.74
1.18
1.04
0.98
0.94
0.92
0.90
0.88
0.87
0.86
0.85
0.84
0.83
0.83
0.82
0.82
0.82
0.81
0.81
0.81
0.80
0.80
0.80
0.80
0.80
0.80
0.80
0.80
0.80
0.80
0.80
0.81
0.81
0.81
0.82
0.82
0.82
0.83
0.83
0.84
0.85
0.86
0.87
0.88
0.90
0.92
0.94
0.98
1.04
1.18
1.74
0.47
0.49
0.65
0.73
0.77
0.80
0.83
0.85
0.87
0.89
0.91
0.93
0.95
0.96
0.98
1.00
1.02
1.05
1.07
1.09
1.12
1.15
1.18
1.21
1.24
1.28
1.32
1.36
1.41
1.46
1.51
1.57
1.64
1.71
1.80
1.89
2.00
2.12
2.26
2.43
2.62
2.86
3.15
3.52
3.99
4.62
5.52
6.89
9.24
14.19
31.54
124.57
20.50
11.03
7.48
5.63
4.48
3.70
3.14
2.72
2.39
2.12
1.90
1.71
1.56
1.42
1.31
1.20
1.11
1.03
0.96
0.89
0.83
0.77
0.72
0.67
0.63
0.59
0.55
0.52
0.48
0.45
0.42
0.39
0.37
0.34
0.32
0.29
0.27
0.25
0.23
0.20
0.18
0.16
0.15
0.13
0.11
0.09
0.07
0.05
0.04
0.02
