11025.0
104.22
0.32
0.39
0.42
0.25
0.25
0.49
0.54
0.36
0.47
0.58
0.53
0.38
0.37
0.33
0.56
0.66
0.50
0.37
0.31
0.34
0.34
0.50
0.75
0.60
0.51
0.54
0.50
0.51
0.52
0.50
0.48
0.58
0.55
0.45
0.38
0.46
0.55
0.54
0.53
0.48
0.51
0.53
0.54
0.53
0.49
0.58
0.63
0.60
0.49
0.52
0.61
0.63
0.43
0.42
0.66
0.67
0.52
0.37
0.63
0.79
0.65
0.37
0.50
0.84
0.74
0.33
0.27
0.72
0.87
0.67
0.55
0.81
0.88
0.63
0.29
0.27
0.50
0.59
0.48
0.26
0.37
0.56
0.41
0.31
0.70
1.15
1.54
1.60
1.40
1.37
1.22
0.84
0.94
1.19
1.15
0.98
1.00
1.06
0.63
0.45
0.86
1.01
0.76
0.86
1.00
0.71
0.45
0.77
0.73
0.31
0.69
1.15
0.99
0.54
0.75
1.19
0.92
0.13
1.07
1.38
0.77
0.62
1.69
1.57
0.82
0.88
1.36
1.58
1.28
0.40
1.46
1.95
1.82
0.79
1.34
2.15
1.89
0.44
1.23
1.88
1.50
0.90
1.08
2.81
3.95
2.80
0.51
2.60
3.06
1.75
2.12
2.49
0.89
5.00
5.17
2.79
8.30
11.66
8.14
2.63
11.26
15.32
11.55
7.42
7.34
4.45
17.13
22.41
21.86
17.29
4.22
24.16
27.16
21.14
6.88
28.97
53.81
56.22
44.32
27.59
15.45
14.06
13.42
12.04
10.46
8.64
6.14
4.80
5.79
5.82
4.22
2.00
1.75
2.47
2.19
1.39
1.48
1.74
1.11
0.76
1.71
2.38
2.14
1.75
2.06
2.49
2.43
2.05
1.70
1.50
1.30
0.96
0.81
1.16
1.57
1.65
1.43
1.18
1.34
1.61
1.69
1.62
1.64
1.57
1.34
1.00
1.07
1.60
1.70
1.19
0.43
0.40
0.39
0.13
0.29
0.17
0.42
1.04
1.37
0.85
0.54
1.12
1.30
0.62
0.52
1.13
1.04
0.38
0.50
0.74
1.16
1.65
1.03
0.90
2.13
3.80
4.52
3.56
2.09
2.06
2.96
3.53
2.33
1.14
3.87
5.05
5.42
4.25
3.04
2.04
1.33
0.97
1.10
0.87
0.89
1.17
1.13
1.57
1.64
2.04
3.08
3.43
2.90
2.41
2.83
3.14
2.59
2.27
2.75
3.65
3.91
3.35
2.14
2.23
2.61
2.75
3.14
2.76
2.77
3.95
3.23
1.88
1.72
3.66
5.58
5.46
4.33
3.64
4.92
7.16
7.23
5.42
4.09
4.81
5.60
5.02
5.03
5.18
6.47
7.80
6.73
5.21
3.36
4.55
8.41
11.09
9.97
6.45
5.16
6.57
9.47
10.26
6.72
8.23
13.44
14.89
11.22
2.39
5.06
9.31
17.17
21.45
15.59
6.87
2.74
11.62
20.35
25.85
24.68
20.32
15.55
9.05
4.19
4.06
3.90
1.80
1.42
1.75
1.10
0.92
1.10
2.19
2.72
3.74
4.32
4.44
3.44
1.98
0.78
0.46
1.25
2.16
2.67
2.19
1.87
1.99
1.73
0.90
0.36
1.18
1.92
2.39
2.15
1.92
1.78
1.25
0.44
1.31
1.19
0.73
1.25
0.45
1.89
3.47
3.68
2.14
0.63
3.19
3.98
2.80
0.54
1.40
2.39
2.23
1.52
1.10
1.15
1.05
0.64
1.07
1.41
1.00
0.82
1.62
1.45
1.24
1.37
0.71
0.69
1.82
1.61
0.81
0.58
0.76
0.56
0.68
1.31
1.84
1.79
1.02
0.35
0.95
1.54
1.27
0.57
1.30
1.95
1.84
1.23
0.42
1.15
1.72
1.29
0.29
0.82
1.06
1.29
1.13
0.94
2.18
2.72
2.25
1.39
0.29
1.27
2.07
1.74
0.80
1.65
2.28
1.66
1.31
1.48
1.10
0.89
1.74
2.59
2.26
1.48
1.91
2.06
1.91
0.84
1.80
3.24
2.56
0.80
1.89
3.05
4.17
3.57
2.15
2.19
3.35
4.11
3.72
1.59
0.67
3.49
5.46
5.61
4.12
2.16
1.26
3.85
6.23
6.32
4.14
0.82
4.35
5.36
5.58
7.37
8.14
7.26
3.15
2.61
7.48
10.07
9.10
8.28
7.58
4.97
2.16
8.06
11.67
12.20
10.17
5.76
1.45
9.37
13.65
13.40
13.72
14.53
12.81
8.14
5.49
5.82
7.44
9.24
11.91
13.46
14.24
14.16
13.96
13.52
12.52
11.14
9.76
8.36
7.12
6.20
5.48
4.88
4.09
3.26
2.11
1.02
0.69
0.95
1.16
1.31
1.94
2.13
1.64
1.12
1.30
1.19
0.93
1.18
1.10
0.55
0.52
1.16
1.51
1.25
0.70
0.53
0.70
1.15
1.09
0.49
0.68
1.31
1.00
0.68
1.89
1.71
0.75
0.34
0.76
1.01
0.88
0.53
1.04
0.96
0.48
0.70
0.99
1.33
1.61
1.54
0.74
0.53
1.29
1.27
0.38
0.57
0.86
0.92
0.42
0.31
1.34
1.67
1.32
0.49
0.48
0.73
0.90
0.71
0.56
0.58
0.25
0.16
0.12
0.15
0.59
0.80
0.88
0.88
0.91
1.09
1.14
0.80
0.32
0.50
0.75
1.07
1.26
1.25
1.07
0.93
0.80
0.55
0.27
0.38
0.91
1.03
0.80
0.41
0.07
0.26
0.67
0.74
0.46
0.31
0.26
0.11
0.54
0.89
0.79
0.41
0.40
0.54
0.59
0.60
0.40
0.16
0.18
0.45
0.43
0.20
0.24
0.46
0.64
0.74
0.47
0.03
0.34
0.54
0.76
0.87
0.67
0.29
0.23
0.54
0.75
0.80
0.72
0.60
0.30
0.33
0.85
1.24
1.39
1.28
1.05
0.68
0.38
0.21
0.14
0.32
0.63
0.96
1.19
1.31
1.38
1.13
0.66
0.10
0.44
0.79
0.93
0.88
0.79
0.71
0.65
0.63
0.55
0.49
0.42
0.36
0.30
0.30
0.31
0.36
0.38
0.34
0.25
0.18
0.22
0.29
0.32
0.33
0.25
0.20
0.17
0.23
0.28
0.29
0.27
0.24
0.21
0.13
0.10
0.16
0.19
0.20
0.18
0.20
0.23
0.26
0.26
0.27
0.24
0.26
0.23
0.24
0.29
0.28
0.26
0.12
0.12
0.23
0.27
0.26
0.23
0.16
0.20
0.28
0.26
0.30
0.28
0.25
0.26
0.23
0.21
0.31
0.35
0.35
0.40
0.36
0.37
0.42
0.50
0.58
0.58
0.56
0.59
0.56
0.64
0.71
0.70
0.66
0.60
0.51
0.52
0.54
0.40
0.31
0.39
0.35
0.28
0.39
0.51
0.66
0.62
0.56
0.49
0.50
0.65
0.78
0.75
0.64
0.52
0.43
0.30
0.27
0.19
0.16
0.13
0.10
0.16
0.28
0.39
0.55
0.59
0.53
0.36
0.27
0.20
0.12
0.16
0.14
0.17
0.25
0.43
0.61
0.67
0.46
0.09
0.26
0.51
0.56
0.44
0.28
0.13
0.44
0.71
0.87
0.84
0.70
0.66
0.84
0.98
1.09
1.03
0.96
0.97
1.11
1.12
1.27
1.56
1.82
2.10
2.16
1.99
1.91
1.99
2.12
2.07
2.17
2.59
2.72
2.64
2.81
2.71
2.33
2.20
2.36
2.61
2.67
2.40
1.97
1.76
1.60
1.57
1.58
1.61
1.73
1.73
1.67
1.62
1.54
1.43
1.52
1.89
2.29
2.57
2.74
2.75
2.72
2.64
2.48
2.30
2.21
2.10
2.01
1.85
1.67
1.37
1.18
0.90
0.61
0.26
0.11
0.19
0.33
0.43
0.44
0.43
0.39
0.26
0.21
0.33
0.34
0.34
0.45
0.47
0.39
0.20
0.22
0.28
0.14
0.05
0.31
0.45
0.43
0.39
0.29
0.33
0.44
0.51
0.52
0.52
0.54
0.59
0.55
0.47
0.64
0.78
0.73
0.68
0.47
0.17
0.19
0.40
0.48
0.39
0.34
0.31
0.16
0.09
0.38
0.50
0.55
0.59
0.67
0.71
0.52
0.34
0.16
0.34
0.59
0.76
0.78
0.73
0.64
0.46
0.37
0.46
0.54
0.59
0.50
0.34
0.14
0.24
0.44
0.79
1.09
1.33
1.32
1.21
0.90
0.56
0.38
0.37
0.53
0.77
0.90
0.90
0.80
0.75
0.61
0.54
0.40
0.44
0.61
0.71
0.72
0.70
0.63
0.47
0.51
0.64
0.76
0.82
0.81
0.70
0.83
1.06
1.14
1.14
1.13
0.93
0.82
0.96
1.14
1.23
1.22
1.09
0.92
0.88
1.06
1.23
1.27
1.11
0.85
0.80
1.20
1.60
1.76
1.73
1.53
1.21
0.96
1.03
1.44
1.78
1.89
1.72
1.41
0.96
0.52
0.46
0.78
1.04
1.24
1.36
1.38
1.26
0.98
0.61
0.21
0.55
1.11
1.52
1.70
1.75
1.59
1.30
1.01
0.72
0.56
0.55
0.65
0.71
0.68
0.52
0.30
0.40
0.69
0.96
1.10
1.10
0.93
0.76
0.56
0.30
0.18
0.23
0.46
0.68
0.80
0.80
0.72
0.63
0.43
0.26
0.16
0.08
0.13
0.17
0.22
0.30
0.39
0.35
0.21
0.14
0.14
0.15
0.20
0.22
0.24
0.30
0.32
0.28
0.23
0.19
0.16
0.18
0.25
0.36
0.40
0.41
0.39
0.36
0.38
0.36
0.36
0.36
0.36
0.34
0.33
0.43
0.46
0.43
0.42
0.38
0.24
0.26
0.34
0.42
0.51
0.53
0.38
0.22
0.16
0.11
0.17
0.14
0.03
0.12
0.28
0.44
0.54
0.69
0.76
0.77
0.69
0.59
0.45
0.33
0.33
0.35
0.31
0.19
0.10
0.18
0.30
0.39
0.49
0.61
0.69
0.67
0.54
0.32
0.12
0.24
0.39
0.45
0.49
0.51
0.52
0.50
0.49
0.36
0.19
0.15
0.33
0.49
0.59
0.56
0.42
0.22
0.13
0.31
0.47
0.48
0.35
0.12
0.13
0.34
0.44
0.46
0.35
0.21
0.05
0.20
0.35
0.49
0.52
0.43
0.29
0.14
0.30
0.48
0.59
0.63
0.59
0.48
0.25
0.10
0.38
0.56
0.68
0.66
0.56
0.34
0.08
0.22
0.41
0.53
0.62
0.60
0.54
0.37
0.15
0.15
0.29
0.37
0.41
0.43
0.42
0.35
0.35
0.37
0.34
0.32
0.26
0.15
0.10
0.14
0.21
0.23
0.23
0.27
0.29
0.29
0.29
0.29
0.35
0.39
0.44
0.45
0.44
0.38
0.29
0.24
0.21
0.19
0.22
0.19
0.20
0.19
0.17
0.12
0.06
0.05
0.12
0.13
0.16
0.14
0.12
0.02
0.07
0.10
0.14
0.15
0.19
0.18
0.16
0.14
0.18
0.21
0.22
0.16
0.06
0.07
0.09
0.11
0.11
0.12
0.10
0.09
0.05
0.07
0.12
0.13
0.10
0.07
0.06
0.09
0.12
0.12
0.12
0.16
0.19
0.19
0.16
0.14
0.17
0.14
0.09
0.08
0.11
0.05
0.02
0.08
0.16
0.20
0.19
0.17
0.21
0.26
0.23
0.25
0.21
0.23
0.23
0.28
0.24
0.23
0.18
0.17
0.20
0.22
0.20
0.24
0.27
0.30
0.26
0.16
0.03
0.13
0.25
0.28
0.28
0.26
0.22
0.17
0.11
0.12
0.12
0.20
0.22
0.16
0.09
0.18
0.26
0.27
0.16
0.07
0.07
0.12
0.15
0.11
0.10
0.09
0.10
0.11
0.13
0.15
0.12
0.06
0.08
0.16
0.19
0.21
0.19
0.18
0.21
0.28
0.34
0.40
0.42
0.40
0.34
0.28
0.25
0.32
0.36
0.40
0.40
0.38
0.31
0.24
0.17
0.15
0.11
0.04
0.06
0.10
0.10
0.05
0.01
0.03
0.06
0.12
0.17
0.16
0.16
0.21
0.20
0.14
0.08
0.12
0.17
0.17
0.14
0.13
0.16
0.18
0.15
0.12
0.08
0.02
0.02
0.01
0.06
0.10
0.14
0.15
0.13
0.13
0.11
0.12
0.14
0.15
0.14
0.11
0.12
0.15
0.16
0.16
0.12
0.14
0.20
0.24
0.27
0.24
0.20
0.18
0.20
0.22
0.22
0.18
0.16
0.19
0.21
0.22
0.22
0.24
0.24
0.22
0.18
0.12
0.10
0.12
0.16
0.16
0.13
0.15
0.17
0.19
0.20
0.22
0.17
0.18
0.20
0.19
0.24
0.21
0.23
0.19
0.12
0.07
0.06
0.13
0.18
0.20
0.18
0.18
0.17
0.17
0.22
0.24
0.29
0.28
0.21
0.21
0.26
0.25
0.22
0.23
0.18
0.15
0.13
0.10
0.07
0.10
0.13
0.16
0.20
0.20
0.18
0.19
0.17
0.18
0.18
0.13
0.15
0.12
0.10
0.14
0.15
0.20
0.20
0.19
0.19
0.19
0.19
0.19
0.19
0.16
0.20
0.27
0.27
0.24
0.26
0.24
0.20
0.16
0.18
0.23
0.22
0.21
0.21
0.19
0.21
0.26
0.28
0.28
0.21
0.15
0.08
0.11
0.16
0.16
0.12
0.09
0.04
0.02
0.04
0.05
0.07
0.10
0.13
0.16
0.16
0.13
0.08
0.02
0.04
0.08
0.11
0.09
0.08
0.06
0.05
0.07
0.11
0.15
0.15
0.13
0.10
0.06
0.02
0.00
0.05
0.11
0.18
0.21
0.22
0.24
0.28
0.28
0.24
0.16
0.08
0.03
0.05
0.09
0.10
0.10
0.08
0.13
0.21
0.25
0.26
0.27
0.30
0.29
0.22
0.12
0.07
0.09
0.12
0.19
0.25
0.29
0.27
0.26
0.25
0.22
0.17
0.12
0.11
0.14
0.18
0.20
0.18
0.14
0.11
0.13
0.15
0.11
0.08
0.09
0.06
0.06
0.09
0.06
0.07
0.11
0.11
0.11
0.13
0.12
0.15
0.15
0.13
0.12
0.09
0.11
0.11
0.16
0.17
0.17
0.15
0.13
0.12
0.13
0.12
0.14
0.17
0.16
0.14
0.15
0.13
0.16
0.18
0.18
0.14
0.11
0.07
0.11
0.14
0.15
0.12
0.12
0.04
0.06
0.10
0.11
0.13
0.13
0.10
0.06
0.09
0.12
0.14
0.13
0.11
0.10
0.08
0.07
0.07
0.10
0.09
0.06
0.04
0.04
0.07
0.08
0.10
0.12
0.11
0.10
0.14
0.19
0.20
0.18
0.18
0.17
0.15
0.12
0.08
0.12
0.20
0.24
0.22
0.19
0.13
0.11
0.11
0.16
0.18
0.18
0.13
0.08
0.04
0.11
0.15
0.16
0.12
0.11
0.08
0.09
0.10
0.11
0.08
0.06
0.05
0.12
0.18
0.18
0.17
0.13
0.13
0.12
0.14
0.12
0.09
0.09
0.05
0.05
0.10
0.13
0.18
0.16
0.14
0.15
0.19
0.21
0.23
0.25
0.25
0.23
0.20
0.16
0.12
0.11
0.15
0.18
0.17
0.13
0.10
0.10
0.15
0.19
0.23
0.28
0.30
0.25
0.22
0.17
0.18
0.21
0.18
0.11
0.06
0.13
0.19
0.20
0.18
0.14
0.13
0.10
0.14
0.13
0.12
0.06
0.01
0.04
0.08
0.11
0.10
0.09
0.08
0.08
0.08
0.08
0.09
0.11
0.14
0.17
0.17
0.16
0.14
0.11
0.11
0.15
0.16
0.14
0.11
0.09
0.07
0.05
0.04
0.05
0.06
0.05
0.04
0.04
0.06
0.09
0.11
0.09
0.06
0.05
0.04
0.06
0.05
0.06
0.04
0.02
0.03
0.07
0.10
0.08
0.04
0.04
0.07
0.08
0.11
0.12
0.12
0.09
0.09
0.08
0.07
0.05
0.06
0.06
0.08
0.07
0.09
0.11
0.12
0.12
0.11
0.11
0.12
0.14
0.16
0.16
0.16
0.14
0.15
0.16
0.19
0.22
0.22
0.20
0.17
0.11
0.13
0.17
0.19
0.17
0.15
0.12
0.12
0.11
0.12
0.11
0.10
0.04
0.03
0.04
0.08
0.09
0.06
0.04
0.04
0.07
0.09
0.10
0.09
0.09
0.11
0.13
0.15
0.17
0.15
0.16
0.17
0.16
0.14
0.15
0.15
0.14
0.11
0.08
0.04
0.03
0.07
0.08
0.07
0.08
0.09
0.14
0.15
0.16
0.15
0.14
0.14
0.12
0.12
0.12
0.11
0.08
0.07
0.04
0.02
0.03
0.05
0.06
0.10
0.12
0.12
0.13
0.14
0.13
0.11
0.09
0.06
0.06
0.05
0.03
0.02
0.03
0.08
0.09
0.11
0.14
0.13
0.14
0.12
0.10
0.08
0.06
0.06
0.09
0.13
0.13
0.14
0.12
0.12
0.13
0.14
0.13
0.12
0.13
0.12
0.15
0.16
0.16
0.14
0.13
0.12
0.10
0.09
0.08
0.07
0.07
0.06
0.05
0.04
0.03
0.07
0.10
0.13
0.09
0.07
0.10
0.12
0.14
0.15
0.13
0.12
0.11
0.12
0.11
0.11
0.10
0.09
0.06
0.06
0.09
0.08
0.05
0.03
0.05
0.06
0.03
0.00
0.05
0.06
0.07
0.10
0.11
0.09
0.05
0.06
0.10
0.09
0.06
0.05
0.09
0.12
0.15
0.16
0.15
0.13
0.13
0.13
0.15
0.16
0.15
0.12
0.09
0.05
0.06
0.09
0.10
0.06
0.05
0.09
0.11
0.10
0.07
0.06
0.05
0.00
0.03
0.06
0.05
0.03
0.05
0.08
0.09
0.06
0.06
0.09
0.10
0.11
0.11
0.12
0.11
0.12
0.13
0.15
0.14
0.12
0.10
0.07
0.09
0.13
0.10
0.07
0.03
0.04
0.05
0.06
0.07
0.07
0.08
0.09
0.10
0.12
0.13
0.14
0.16
0.16
0.15
0.12
0.13
0.12
0.13
0.14
0.13
0.12
0.12
0.14
0.13
0.13
0.09
0.06
0.06
0.08
0.10
0.12
0.14
0.13
0.14
0.11
0.09
0.08
0.03
0.02
0.03
0.05
0.06
0.06
0.09
0.11
0.13
0.14
0.13
0.12
0.12
0.10
0.06
0.05
0.03
0.02
0.04
0.07
0.08
0.11
0.12
0.12
0.12
0.14
0.14
0.15
0.16
0.15
0.14
0.09
0.08
0.07
0.08
0.07
0.03
0.04
0.08
0.11
0.14
0.15
0.15
0.14
0.16
0.17
0.16
0.15
0.17
0.15
0.13
0.11
0.09
0.09
0.10
0.09
0.07
0.04
0.04
0.06
0.09
0.08
0.04
0.03
0.04
0.10
0.11
0.12
0.11
0.12
0.12
0.15
0.17
0.19
0.17
0.13
0.11
0.17
0.20
0.22
0.22
0.19
0.16
0.15
0.14
0.16
0.16
0.16
0.14
0.12
0.11
0.11
0.12
0.12
0.11
0.09
0.07
0.08
0.06
0.06
0.05
0.07
0.08
0.09
0.09
0.12
0.12
0.11
0.08
0.07
0.04
0.04
0.08
0.10
0.07
0.03
0.02
0.04
0.06
0.05
0.06
0.04
0.05
0.06
0.09
0.11
0.09
0.06
0.04
0.04
0.05
0.06
0.05
0.04
0.05
0.07
0.09
0.11
0.14
0.16
0.15
0.11
0.11
0.14
0.16
0.17
0.17
0.14
0.11
0.09
0.08
0.08
0.08
0.08
0.09
0.10
0.11
0.08
0.04
0.01
0.06
0.12
0.13
0.14
0.10
0.13
0.14
0.18
0.20
0.19
0.13
0.06
0.11
0.18
0.21
0.18
0.17
0.22
0.25
0.30
0.28
0.23
0.19
0.15
0.10
0.10
0.13
0.17
0.18
0.15
0.11
0.12
0.16
0.20
0.23
0.25
0.25
0.23
0.21
0.19
0.15
0.14
0.16
0.18
0.13
0.10
0.05
0.05
0.09
0.09
0.12
0.14
0.12
0.13
0.13
0.17
0.18
0.18
0.12
0.05
0.06
0.08
0.11
0.10
0.09
0.08
0.11
0.12
0.16
0.15
0.11
0.04
0.08
0.13
0.18
0.18
0.16
0.11
0.11
0.13
0.19
0.22
0.24
0.20
0.12
0.08
0.12
0.15
0.17
0.18
0.18
0.20
0.19
0.14
0.10
0.11
0.12
0.10
0.08
0.07
0.04
0.04
0.06
0.09
0.10
0.07
0.07
0.08
0.10
0.11
0.13
0.14
0.12
0.09
0.06
0.10
0.13
0.13
0.11
0.10
0.06
0.04
0.12
0.12
0.15
0.14
0.11
0.07
0.11
0.14
0.18
0.18
0.16
0.13
0.15
0.14
0.16
0.17
0.14
0.12
0.13
0.12
0.13
0.15
0.17
0.17
0.16
0.11
0.11
0.09
0.12
0.13
0.15
0.15
0.12
0.13
0.11
0.11
0.11
0.07
0.06
0.09
0.06
0.06
0.09
0.08
0.11
0.15
0.13
0.11
0.14
0.18
0.20
0.18
0.14
0.11
0.12
0.17
0.22
0.25
0.26
0.27
0.29
0.25
0.19
0.12
0.09
0.07
0.12
0.22
0.29
0.30
0.27
0.26
0.25
0.21
0.13
0.08
0.10
0.10
0.09
0.05
0.03
0.08
0.16
0.24
0.28
0.28
0.24
0.22
0.21
0.18
0.11
0.05
0.00
0.02
0.06
0.10
0.13
0.15
0.15
0.11
0.07
0.05
0.06
0.08
0.09
0.11
0.08
0.04
0.02
0.08
0.13
0.16
0.16
0.13
0.10
0.07
0.05
0.04
0.02
0.04
0.09
0.12
0.16
0.16
0.11
0.08
0.15
0.21
0.28
0.28
0.26
0.21
0.19
0.21
0.21
0.22
0.23
0.18
0.16
0.20
0.24
0.26
0.24
0.27
0.27
0.20
0.16
0.19
0.19
0.19
0.19
0.19
0.19
0.20
0.20
0.15
0.14
0.10
0.12
0.15
0.13
0.18
0.18
0.17
0.19
0.18
0.20
0.20
0.16
0.13
0.10
0.07
0.10
0.13
0.15
0.18
0.23
0.22
0.25
0.26
0.21
0.21
0.28
0.29
0.24
0.22
0.17
0.17
0.18
0.18
0.20
0.18
0.13
0.06
0.07
0.12
0.19
0.23
0.21
0.24
0.19
0.20
0.18
0.17
0.22
0.20
0.19
0.17
0.15
0.13
0.16
0.16
0.12
0.10
0.12
0.18
0.22
0.24
0.24
0.22
0.22
0.21
0.19
0.16
0.18
0.22
0.22
0.20
0.18
0.20
0.24
0.27
0.24
0.20
0.14
0.12
0.16
0.16
0.15
0.12
0.11
0.14
0.15
0.14
0.12
0.11
0.13
0.13
0.15
0.14
0.10
0.06
0.01
0.02
0.02
0.08
0.12
0.15
0.18
0.16
0.13
0.14
0.17
0.17
0.12
0.08
0.14
0.20
0.21
0.16
0.16
0.17
0.12
0.06
0.03
0.01
0.05
0.10
0.10
0.06
0.04
0.11
0.15
0.17
0.24
0.31
0.38
0.40
0.40
0.36
0.32
0.25
0.28
0.34
0.40
0.42
0.40
0.34
0.28
0.21
0.18
0.19
0.21
0.19
0.16
0.08
0.06
0.12
0.15
0.13
0.11
0.10
0.09
0.10
0.11
0.15
0.12
0.07
0.07
0.16
0.27
0.26
0.18
0.09
0.16
0.22
0.20
0.12
0.12
0.11
0.17
0.22
0.26
0.28
0.28
0.25
0.13
0.03
0.16
0.26
0.30
0.27
0.24
0.20
0.22
0.20
0.17
0.18
0.23
0.24
0.28
0.23
0.23
0.21
0.25
0.23
0.26
0.21
0.17
0.19
0.20
0.16
0.08
0.02
0.05
0.11
0.08
0.09
0.14
0.17
0.14
0.16
0.19
0.19
0.16
0.12
0.12
0.12
0.09
0.06
0.07
0.10
0.13
0.12
0.07
0.05
0.09
0.10
0.12
0.11
0.11
0.09
0.07
0.06
0.16
0.22
0.21
0.18
0.14
0.16
0.18
0.19
0.15
0.14
0.10
0.07
0.02
0.12
0.14
0.16
0.13
0.12
0.05
0.06
0.12
0.17
0.19
0.20
0.19
0.22
0.19
0.21
0.24
0.29
0.38
0.44
0.45
0.44
0.39
0.35
0.29
0.29
0.29
0.29
0.27
0.23
0.23
0.21
0.14
0.10
0.15
0.26
0.32
0.34
0.37
0.35
0.35
0.42
0.43
0.41
0.37
0.29
0.15
0.15
0.37
0.54
0.60
0.62
0.53
0.41
0.22
0.08
0.34
0.56
0.66
0.68
0.56
0.38
0.10
0.25
0.48
0.59
0.63
0.59
0.48
0.30
0.14
0.29
0.43
0.52
0.49
0.35
0.20
0.05
0.21
0.35
0.46
0.44
0.34
0.13
0.12
0.35
0.48
0.47
0.31
0.13
0.22
0.42
0.56
0.59
0.49
0.33
0.15
0.19
0.36
0.49
0.50
0.52
0.51
0.49
0.45
0.39
0.24
0.12
0.32
0.54
0.67
0.69
0.61
0.49
0.39
0.30
0.18
0.10
0.19
0.31
0.35
0.33
0.33
0.45
0.59
0.69
0.77
0.76
0.69
0.54
0.44
0.28
0.12
0.03
0.14
0.17
0.11
0.16
0.22
0.38
0.53
0.51
0.42
0.34
0.26
0.24
0.38
0.42
0.43
0.46
0.43
0.33
0.34
0.36
0.36
0.36
0.36
0.38
0.36
0.39
0.41
0.40
0.36
0.25
0.18
0.16
0.19
0.23
0.28
0.32
0.30
0.24
0.22
0.20
0.15
0.14
0.14
0.21
0.35
0.39
0.30
0.22
0.17
0.13
0.08
0.16
0.26
0.43
0.63
0.72
0.80
0.80
0.68
0.46
0.23
0.18
0.30
0.56
0.76
0.93
1.10
1.10
0.96
0.69
0.40
0.30
0.52
0.68
0.71
0.65
0.55
0.56
0.72
1.01
1.30
1.59
1.75
1.70
1.52
1.11
0.55
0.21
0.61
0.98
1.26
1.38
1.36
1.24
1.04
0.78
0.46
0.52
0.96
1.41
1.72
1.89
1.78
1.44
1.03
0.96
1.21
1.53
1.73
1.76
1.60
1.20
0.80
0.85
1.11
1.27
1.23
1.06
0.88
0.92
1.09
1.22
1.23
1.14
0.96
0.82
0.93
1.13
1.14
1.14
1.06
0.83
0.70
0.81
0.82
0.76
0.64
0.51
0.47
0.63
0.70
0.72
0.71
0.61
0.44
0.40
0.54
0.61
0.75
0.80
0.90
0.90
0.77
0.53
0.37
0.38
0.56
0.90
1.21
1.32
1.33
1.09
0.79
0.44
0.24
0.14
0.34
0.50
0.59
0.54
0.46
0.37
0.46
0.64
0.73
0.78
0.76
0.59
0.34
0.16
0.34
0.52
0.71
0.67
0.59
0.55
0.50
0.38
0.09
0.16
0.31
0.34
0.39
0.48
0.40
0.19
0.17
0.47
0.68
0.73
0.78
0.64
0.47
0.55
0.59
0.54
0.52
0.52
0.51
0.44
0.33
0.29
0.39
0.43
0.45
0.31
0.05
0.14
0.28
0.22
0.20
0.39
0.47
0.45
0.34
0.34
0.33
0.21
0.26
0.39
0.43
0.44
0.43
0.33
0.19
0.11
0.26
0.61
0.90
1.18
1.37
1.67
1.85
2.01
2.10
2.21
2.30
2.48
2.64
2.72
2.75
2.74
2.57
2.29
1.89
1.52
1.43
1.54
1.62
1.67
1.73
1.73
1.61
1.58
1.57
1.60
1.76
1.97
2.40
2.67
2.61
2.36
2.20
2.33
2.71
2.81
2.64
2.72
2.59
2.17
2.07
2.12
1.99
1.91
1.99
2.16
2.10
1.82
1.56
1.27
1.12
1.11
0.97
0.96
1.03
1.09
0.98
0.84
0.66
0.70
0.84
0.87
0.71
0.44
0.13
0.28
0.44
0.56
0.51
0.26
0.09
0.46
0.67
0.61
0.43
0.25
0.17
0.14
0.16
0.12
0.20
0.27
0.36
0.53
0.59
0.55
0.39
0.28
0.16
0.10
0.13
0.16
0.19
0.27
0.30
0.43
0.52
0.64
0.75
0.78
0.65
0.50
0.49
0.56
0.62
0.66
0.51
0.39
0.28
0.35
0.39
0.31
0.40
0.54
0.52
0.51
0.60
0.66
0.70
0.71
0.64
0.56
0.59
0.56
0.58
0.58
0.50
0.42
0.37
0.36
0.40
0.35
0.35
0.31
0.21
0.23
0.26
0.25
0.28
0.30
0.26
0.28
0.20
0.16
0.23
0.26
0.27
0.23
0.12
0.12
0.26
0.28
0.29
0.24
0.23
0.26
0.24
0.27
0.26
0.26
0.23
0.20
0.18
0.20
0.19
0.16
0.10
0.13
0.21
0.24
0.27
0.29
0.28
0.23
0.17
0.20
0.25
0.33
0.32
0.29
0.22
0.18
0.25
0.34
0.38
0.36
0.31
0.30
0.30
0.36
0.42
0.49
0.55
0.63
0.65
0.71
0.79
0.88
0.93
0.79
0.44
0.10
0.66
1.13
1.38
1.31
1.19
0.96
0.63
0.32
0.14
0.21
0.38
0.68
1.05
1.28
1.39
1.24
0.85
0.33
0.30
0.60
0.72
0.80
0.75
0.54
0.23
0.29
0.67
0.87
0.76
0.54
0.34
0.03
0.47
0.74
0.64
0.46
0.24
0.20
0.43
0.45
0.18
0.16
0.40
0.60
0.59
0.54
0.40
0.41
0.79
0.89
0.54
0.11
0.26
0.31
0.46
0.74
0.67
0.26
0.07
0.41
0.80
1.03
0.91
0.38
0.27
0.55
0.80
0.93
1.07
1.25
1.26
1.07
0.75
0.50
0.32
0.80
1.14
1.09
0.91
0.88
0.88
0.80
0.59
0.15
0.12
0.16
0.25
0.58
0.56
0.71
0.90
0.73
0.48
0.49
1.32
1.67
1.34
0.31
0.42
0.92
0.86
0.57
0.38
1.27
1.29
0.53
0.74
1.54
1.61
1.33
0.99
0.70
0.48
0.96
1.04
0.53
0.88
1.01
0.76
0.34
0.75
1.71
1.89
0.68
1.00
1.31
0.68
0.49
1.09
1.15
0.70
0.53
0.70
1.25
1.51
1.16
0.52
0.55
1.10
1.18
0.93
1.19
1.30
1.12
1.64
2.13
1.94
1.31
1.16
0.95
0.69
1.02
2.11
3.26
4.09
4.88
5.48
6.20
7.12
8.36
9.76
11.14
12.52
13.52
13.96
14.16
14.24
13.46
11.91
9.24
7.44
5.82
5.49
8.14
12.81
14.53
13.72
13.40
13.65
9.37
1.45
5.76
10.17
12.20
11.67
8.06
2.16
4.97
7.58
8.28
9.10
10.07
7.48
2.61
3.15
7.26
8.14
7.37
5.58
5.36
4.35
0.82
4.14
6.32
6.23
3.85
1.26
2.16
4.12
5.61
5.46
3.49
0.67
1.59
3.72
4.11
3.35
2.19
2.15
3.57
4.17
3.05
1.89
0.80
2.56
3.24
1.80
0.84
1.91
2.06
1.91
1.48
2.26
2.59
1.74
0.89
1.10
1.48
1.31
1.66
2.28
1.65
0.80
1.74
2.07
1.27
0.29
1.39
2.25
2.72
2.18
0.94
1.13
1.29
1.06
0.82
0.29
1.29
1.72
1.15
0.42
1.23
1.84
1.95
1.30
0.57
1.27
1.54
0.95
0.35
1.02
1.79
1.84
1.31
0.68
0.56
0.76
0.58
0.81
1.61
1.82
0.69
0.71
1.37
1.24
1.45
1.62
0.82
1.00
1.41
1.07
0.64
1.05
1.15
1.10
1.52
2.23
2.39
1.40
0.54
2.80
3.98
3.19
0.63
2.14
3.68
3.47
1.89
0.45
1.25
0.73
1.19
1.31
0.44
1.25
1.78
1.92
2.15
2.39
1.92
1.18
0.36
0.90
1.73
1.99
1.87
2.19
2.67
2.16
1.25
0.46
0.78
1.98
3.44
4.44
4.32
3.74
2.72
2.19
1.10
0.92
1.10
1.75
1.42
1.80
3.90
4.06
4.19
9.05
15.55
20.32
24.68
25.85
20.35
11.62
2.74
6.87
15.59
21.45
17.17
9.31
5.06
2.39
11.22
14.89
13.44
8.23
6.72
10.26
9.47
6.57
5.16
6.45
9.97
11.09
8.41
4.55
3.36
5.21
6.73
7.80
6.47
5.18
5.03
5.02
5.60
4.81
4.09
5.42
7.23
7.16
4.92
3.64
4.33
5.46
5.58
3.66
1.72
1.88
3.23
3.95
2.77
2.76
3.14
2.75
2.61
2.23
2.14
3.35
3.91
3.65
2.75
2.27
2.59
3.14
2.83
2.41
2.90
3.43
3.08
2.04
1.64
1.57
1.13
1.17
0.89
0.87
1.10
0.97
1.33
2.04
3.04
4.25
5.42
5.05
3.87
1.14
2.33
3.53
2.96
2.06
2.09
3.56
4.52
3.80
2.13
0.90
1.03
1.65
1.16
0.74
0.50
0.38
1.04
1.13
0.52
0.62
1.30
1.12
0.54
0.85
1.37
1.04
0.42
0.17
0.29
0.13
0.39
0.40
0.43
1.19
1.70
1.60
1.07
1.00
1.34
1.57
1.64
1.62
1.69
1.61
1.34
1.18
1.43
1.65
1.57
1.16
0.81
0.96
1.30
1.50
1.70
2.05
2.43
2.49
2.06
1.75
2.14
2.38
1.71
0.76
1.11
1.74
1.48
1.39
2.19
2.47
1.75
2.00
4.22
5.82
5.79
4.80
6.14
8.64
10.46
12.04
13.42
14.06
15.45
27.59
44.32
56.22
53.81
28.97
6.88
21.14
27.16
24.16
4.22
17.29
21.86
22.41
17.13
4.45
7.34
7.42
11.55
15.32
11.26
2.63
8.14
11.66
8.30
2.79
5.17
5.00
0.89
2.49
2.12
1.75
3.06
2.60
0.51
2.80
3.95
2.81
1.08
0.90
1.50
1.88
1.23
0.44
1.89
2.15
1.34
0.79
1.82
1.95
1.46
0.40
1.28
1.58
1.36
0.88
0.82
1.57
1.69
0.62
0.77
1.38
1.07
0.13
0.92
1.19
0.75
0.54
0.99
1.15
0.69
0.31
0.73
0.77
0.45
0.71
1.00
0.86
0.76
1.01
0.86
0.45
0.63
1.06
1.00
0.98
1.15
1.19
0.94
0.84
1.22
1.37
1.40
1.60
1.54
1.15
0.70
0.31
0.41
0.56
0.37
0.26
0.48
0.59
0.50
0.27
0.29
0.63
0.88
0.81
0.55
0.67
0.87
0.72
0.27
0.33
0.74
0.84
0.50
0.37
0.65
0.79
0.63
0.37
0.52
0.67
0.66
0.42
0.43
0.63
0.61
0.52
0.49
0.60
0.63
0.58
0.49
0.53
0.54
0.53
0.51
0.48
0.53
0.54
0.55
0.46
0.38
0.45
0.55
0.58
0.48
0.50
0.52
0.51
0.50
0.54
0.51
0.60
0.75
0.50
0.34
0.34
0.31
0.37
0.50
0.66
0.56
0.33
0.37
0.38
0.53
0.58
0.47
0.36
0.54
0.49
0.25
0.25
0.42
0.39
0.32
