1000.0
2.70
2.72
2.80
2.93
3.13
3.42
3.82
4.38
5.21
6.51
8.77
13.58
30.48
121.84
20.33
11.11
7.66
5.86
4.76
4.01
3.47
3.06
2.74
2.49
2.28
2.10
1.96
1.83
1.71
1.62
1.53
1.45
1.38
1.31
1.25
1.19
1.12
1.04
1.11
1.54
1.19
1.10
1.04
1.00
0.97
0.94
0.91
0.89
0.86
0.84
0.82
0.81
0.79
0.77
0.76
0.74
0.73
0.72
0.70
0.69
0.68
0.67
0.66
0.65
0.64
0.63
0.62
0.61
0.61
0.60
0.59
0.58
0.58
0.57
0.57
0.56
0.55
0.55
0.54
0.54
0.53
0.53
0.53
0.52
0.52
0.52
0.52
0.52
0.54
0.63
0.35
0.43
0.44
0.45
0.45
0.45
0.45
0.45
0.44
0.44
0.44
0.44
0.43
0.43
0.42
0.42
0.42
0.41
0.40
0.39
0.38
0.37
0.35
0.33
0.38
2.76
1.13
0.73
0.63
0.58
0.55
0.53
0.52
0.51
0.51
0.50
0.50
0.50
0.50
0.50
0.50
0.50
0.51
0.51
0.52
0.53
0.55
0.58
0.63
0.73
1.13
2.76
0.38
0.33
0.35
0.37
0.38
0.39
0.40
0.41
0.42
0.42
0.42
0.43
0.43
0.44
0.44
0.44
0.44
0.45
0.45
0.45
0.45
0.45
0.44
0.43
0.35
0.63
0.54
0.52
0.52
0.52
0.52
0.52
0.53
0.53
0.53
0.54
0.54
0.55
0.55
0.56
0.57
0.57
0.58
0.58
0.59
0.60
0.61
0.61
0.62
0.63
0.64
0.65
0.66
0.67
0.68
0.69
0.70
0.72
0.73
0.74
0.76
0.77
0.79
0.81
0.82
0.84
0.86
0.89
0.91
0.94
0.97
1.00
1.04
1.10
1.19
1.54
1.11
1.04
1.12
1.19
1.25
1.31
1.38
1.45
1.53
1.62
1.71
1.83
1.96
2.10
2.28
2.49
2.74
3.06
3.47
4.01
4.76
5.86
7.66
11.11
20.33
121.84
30.48
13.58
8.77
6.51
5.21
4.38
3.82
3.42
3.13
2.93
2.80
2.72
