1000.0
6.00
6.24
7.07
9.10
15.28
127.96
15.79
6.74
4.03
2.75
2.02
1.55
1.23
0.99
0.80
0.57
0.67
0.54
0.46
0.39
0.34
0.30
0.26
0.22
0.19
0.17
0.14
0.12
0.10
0.08
0.05
0.03
0.00
0.04
0.11
0.32
1.99
0.30
0.16
0.11
0.07
0.04
0.02
0.01
0.05
0.15
2.35
0.21
0.10
0.05
0.03
0.00
0.02
0.04
0.07
0.14
0.54
0.20
0.05
0.01
0.05
0.08
0.12
0.18
0.28
0.50
1.48
1.98
0.63
0.38
0.28
0.22
0.18
0.15
0.13
0.12
0.10
0.09
0.08
0.07
0.07
0.06
0.05
0.04
0.03
0.01
0.04
2.14
0.13
0.08
0.06
0.05
0.04
0.04
0.03
0.02
0.00
0.12
0.08
0.04
0.03
0.02
0.00
0.01
0.03
0.06
0.14
0.50
0.65
0.25
0.17
0.15
0.13
0.13
0.14
0.16
0.21
0.41
1.12
0.19
0.09
0.05
0.03
0.02
0.02
0.01
0.01
0.00
0.00
0.00
0.01
0.01
0.02
0.02
0.03
0.05
0.09
0.19
1.12
0.41
0.21
0.16
0.14
0.13
0.13
0.15
0.17
0.25
0.65
0.50
0.14
0.06
0.03
0.01
0.00
0.02
0.03
0.04
0.08
0.12
0.00
0.02
0.03
0.04
0.04
0.05
0.06
0.08
0.13
2.14
0.04
0.01
0.03
0.04
0.05
0.06
0.07
0.07
0.08
0.09
0.10
0.12
0.13
0.15
0.18
0.22
0.28
0.38
0.63
1.98
1.48
0.50
0.28
0.18
0.12
0.08
0.05
0.01
0.05
0.20
0.54
0.14
0.07
0.04
0.02
0.00
0.03
0.05
0.10
0.21
2.35
0.15
0.05
0.01
0.02
0.04
0.07
0.11
0.16
0.30
1.99
0.32
0.11
0.04
0.00
0.03
0.05
0.08
0.10
0.12
0.14
0.17
0.19
0.22
0.26
0.30
0.34
0.39
0.46
0.54
0.67
0.57
0.80
0.99
1.23
1.55
2.02
2.75
4.03
6.74
15.79
127.96
15.28
9.10
7.07
6.24
